$SPEC_ID:
No sample description was entered.
$SPEC_REM:
DET# 1
DETDESC# FP02 MCB 25
AP# Maestro Version 6.02
$DATE_MEA:
05/06/2010 12:01:56
$MEAS_TIM:
1802 1806
$DATA:
0 2047
       0
       0
       0
       0
       0
       0
       0
       0
       0
       0
       0
       0
       0
       0
       0
       0
       0
       0
       0
       0
       0
       0
       0
       0
       0
       0
       0
       0
       0
       0
       0
       0
       0
       0
       0
       0
       0
       0
       0
       0
       0
       0
       0
       0
       0
       0
       0
       0
       0
       0
       0
       0
       1
       0
       0
       0
       0
       0
       0
       0
       0
       0
       0
       0
       0
       0
       0
       0
       0
       0
       0
       0
       0
       0
       0
       0
       0
       0
       0
       0
       0
       0
       0
       0
       0
       0
       0
       0
       0
       0
       0
       0
       0
     365
     525
     561
     581
     579
     588
     577
     644
     617
     601
     575
     624
     618
     689
     651
     683
     719
     782
     706
     736
     846
     719
     783
     812
     792
     865
     886
     924
     897
     937
     926
     890
    1002
    1015
    1019
     981
    1011
    1029
     967
    1010
    1080
    1086
    1013
     979
    1023
    1095
     962
    1022
     975
    1001
    1003
    1028
    1009
     942
     936
     997
     908
     953
     917
     981
     868
     916
     821
     887
     873
     843
     814
     774
     800
     791
     775
     715
     727
     715
     693
     708
     725
     681
     711
     633
     655
     653
     667
     609
     610
     606
     593
     626
     608
     575
     618
     599
     565
     603
     579
     553
     523
     556
     558
     561
     531
     548
     564
     517
     534
     512
     543
     566
     542
     551
     472
     528
     528
     497
     521
     502
     492
     493
     555
     502
     509
     528
     496
     517
     477
     513
     480
     465
     501
     544
     499
     499
     506
     496
     499
     449
     471
     491
     475
     462
     458
     461
     476
     452
     454
     453
     451
     422
     461
     407
     461
     412
     402
     402
     437
     429
     404
     386
     434
     386
     411
     407
     407
     380
     388
     386
     403
     453
     406
     370
     377
     368
     332
     389
     367
     356
     380
     350
     396
     359
     357
     323
     328
     351
     343
     335
     373
     331
     334
     350
     335
     343
     297
     333
     325
     316
     308
     324
     312
     294
     339
     281
     284
     320
     292
     262
     282
     301
     306
     278
     313
     309
     266
     274
     277
     287
     250
     261
     277
     272
     280
     266
     226
     241
     257
     279
     212
     245
     239
     268
     264
     259
     234
     242
     220
     211
     224
     210
     250
     223
     247
     236
     219
     199
     205
     192
     183
     242
     208
     204
     215
     192
     202
     209
     228
     198
     208
     214
     178
     221
     213
     221
     220
     221
     184
     181
     198
     212
     202
     194
     184
     181
     203
     182
     187
     192
     176
     194
     192
     197
     156
     190
     161
     177
     180
     186
     155
     206
     173
     197
     220
     180
     180
     173
     169
     195
     183
     194
     195
     200
     174
     202
     215
     205
     204
     191
     195
     195
     216
     203
     196
     207
     201
     187
     204
     194
     218
     209
     203
     242
     211
     185
     235
     210
     223
     201
     204
     221
     210
     234
     234
     229
     243
     231
     216
     223
     240
     247
     240
     230
     243
     273
     236
     233
     251
     223
     254
     238
     255
     247
     213
     239
     231
     286
     269
     266
     219
     242
     284
     241
     291
     260
     263
     257
     278
     279
     260
     248
     271
     260
     277
     249
     274
     262
     268
     289
     282
     275
     274
     284
     314
     254
     247
     284
     288
     287
     266
     264
     299
     252
     291
     284
     301
     282
     313
     270
     307
     307
     312
     352
     334
     335
     360
     306
     326
     309
     314
     316
     335
     336
     357
     340
     327
     307
     308
     349
     327
     387
     352
     339
     348
     371
     386
     375
     372
     422
     335
     368
     406
     384
     357
     402
     365
     400
     393
     425
     403
     399
     381
     406
     411
     382
     419
     393
     425
     450
     376
     447
     410
     419
     410
     379
     359
     365
     414
     381
     411
     420
     414
     400
     407
     382
     389
     410
     378
     375
     391
     399
     408
     403
     371
     357
     358
     371
     333
     365
     324
     318
     334
     358
     332
     322
     302
     327
     323
     318
     296
     345
     306
     302
     276
     260
     303
     280
     280
     281
     272
     278
     258
     249
     251
     224
     228
     239
     237
     239
     228
     227
     214
     201
     227
     183
     191
     207
     192
     171
     185
     171
     178
     196
     167
     176
     160
     176
     162
     175
     172
     142
     151
     128
     146
     119
     121
     118
     108
     114
     100
     116
     134
     103
     102
     108
     113
      95
      96
     105
      74
      96
      87
      84
      87
      78
      79
      80
      76
      65
      80
      69
      57
      68
      71
      68
      65
      61
      50
      69
      66
      73
      48
      44
      62
      60
      65
      58
      50
      35
      63
      58
      48
      44
      50
      39
      45
      39
      40
      44
      38
      45
      42
      44
      40
      46
      31
      39
      46
      50
      48
      57
      32
      29
      40
      32
      29
      35
      38
      27
      25
      30
      28
      34
      28
      32
      37
      40
      40
      27
      31
      34
      28
      38
      33
      35
      26
      26
      30
      26
      38
      38
      33
      29
      19
      19
      31
      25
      26
      28
      30
      35
      28
      42
      26
      27
      35
      21
      24
      30
      32
      30
      24
      32
      32
      28
      20
      30
      31
      33
      35
      30
      32
      28
      22
      20
      34
      27
      26
      27
      18
      26
      29
      24
      25
      30
      31
      21
      25
      21
      24
      27
      26
      18
      23
      21
      18
      28
      23
      20
      22
      35
      31
      19
      23
      29
      22
      29
      22
      25
      25
      23
      18
      18
      31
      26
      24
      18
      24
      29
      22
      38
      14
      14
      29
      33
      19
      26
      19
      25
      29
      35
      20
      27
      22
      20
      22
      16
      24
      18
      23
      33
      29
      13
      31
      23
      22
      24
      19
      22
      17
      25
      17
      21
      22
      20
      31
      21
      26
      19
      20
      29
      17
      26
      14
      20
      24
      24
      33
      28
      20
      28
      21
      24
      25
      25
      27
      29
      21
      19
      17
      18
      25
      24
      21
      14
      21
      24
      24
      22
      22
      17
      20
      27
      28
      12
      12
      26
      22
      21
      24
      19
      24
      24
      24
      31
      26
      24
      21
      21
      25
      25
      17
      16
      28
      29
      21
      19
      13
      17
      21
      13
      32
      18
      27
      23
      17
      15
      25
      22
      31
      14
      24
      21
      25
      15
      18
      22
      24
      27
      20
      22
      21
      16
      11
      24
      14
      17
      11
      23
      17
      18
      33
      21
      14
      11
      20
      16
      31
      18
      15
      25
      18
      22
      24
      26
      23
      17
      31
      23
      22
      14
      22
      22
      16
      28
      16
      20
      13
      20
      20
      27
      24
      24
      17
      14
      34
      20
      19
      18
      20
      15
      10
      14
      25
      20
      10
      15
      20
      15
      15
      13
      12
      25
      14
      15
      15
      19
      18
      16
      13
      21
      14
      18
      21
      12
       8
      15
      17
      12
      13
      12
      17
      14
      19
      16
      23
      21
      13
      21
      18
      12
      16
      12
      22
      14
      19
      19
      20
      13
      23
      20
      10
      11
      20
      10
      17
      21
      16
      15
      18
      23
      17
      13
      21
      16
      21
      21
       9
      18
      21
       5
      12
      21
      14
      14
       9
       8
      18
      14
      20
      11
      19
      25
      12
      13
      12
      12
      18
      12
      18
      18
      17
       9
      19
      15
      15
      13
      14
      11
      13
      11
      14
      11
      17
       8
      16
      12
      17
      19
       9
      16
      20
      20
      19
      10
      15
      12
      11
      10
      15
      15
      13
      10
      13
      14
      10
      11
      16
      10
      16
      14
       9
      18
      13
       9
      14
      12
      15
      14
      14
      12
      13
      14
      12
       7
      10
      11
      16
       8
      12
      14
       9
      17
      15
      13
      14
      12
      21
       7
      12
      15
      12
      13
      14
      15
       8
      13
      16
      18
       9
      13
      12
      18
      11
      12
       6
      14
      15
      19
      18
       5
      15
      11
      15
      11
      12
      10
      10
      15
      14
       8
      14
      13
      14
      13
       8
      12
      15
      12
      17
      10
       8
      10
       9
      16
      13
      12
      10
      12
       8
      11
      11
       9
      11
      14
      12
      11
       8
      13
       8
       9
       9
      12
      12
      19
       6
      14
      10
      13
       7
       5
      11
       9
       8
      15
      14
      13
      10
       7
      13
       8
      19
      15
       8
       9
      10
      11
       6
      10
       7
      14
      11
      11
       9
      11
      12
       8
      12
       7
       8
      18
       4
      12
       9
       7
       9
      11
      14
       7
      10
      10
      10
      12
       8
       8
      12
       6
       6
      11
       8
      20
       3
       6
      11
       8
       4
      11
      13
      10
      14
      11
      11
      11
      13
       7
       7
      10
       8
       7
      11
      13
       6
       7
      11
      11
       7
      10
       7
       7
      15
      12
      10
       5
       7
      14
      12
       4
      10
      11
       9
      15
      12
      13
       5
       7
       7
       9
       8
      16
      13
      10
      12
      14
       9
      13
      17
      12
       8
       6
       6
       7
       5
      11
       5
      11
       7
      11
       6
       7
      12
      14
       7
      10
      11
       7
       7
       6
       6
      14
      11
       9
      12
      12
       3
       5
       7
       8
       9
       8
       9
      19
       6
       9
      14
      14
       3
      10
       1
       8
      10
       6
      13
       6
      13
       4
       8
      12
       9
       8
       9
      12
       6
      11
       8
       8
       9
       8
      11
       6
      13
       9
      14
      12
       6
       5
       7
       8
      10
      11
      10
       9
       8
       5
       8
       7
       8
       6
      10
      17
      11
       8
       9
      13
       7
       8
       7
       4
       7
       7
      12
       8
       9
       9
       9
      12
      12
       7
       4
      14
      10
      11
      13
      13
       7
       8
       9
      14
       6
      11
       7
      11
       9
       6
       3
       8
       7
      13
       9
      11
       5
       6
       4
       6
      10
       8
       9
      10
       7
       4
       8
       8
      15
       8
       8
      10
      10
      10
       7
      11
      10
       6
       8
      10
       8
       5
       5
       3
      11
      15
       7
      10
       4
       7
       3
       5
       7
      12
       4
       8
       7
       9
      10
       5
       5
       6
      11
       8
       8
       5
       7
       9
      10
       6
       6
       5
       8
      10
      13
      12
       6
       6
       8
       4
       9
      13
       7
       6
      13
      11
       1
       9
       8
       5
       9
       3
       8
       7
       7
      11
       4
       9
       7
       6
       7
       9
       9
      10
       2
       8
       8
      13
      12
      10
       4
       7
      10
      13
       7
       7
      10
      11
       3
       7
       8
       8
       6
       8
       6
       5
       5
       9
       9
       7
       5
       9
       3
       6
      10
       6
       7
       9
       6
       4
      11
      10
       8
       3
      10
       6
       8
       5
       2
       4
       2
       6
       4
       9
      15
      10
       7
       7
      10
       3
       3
      11
       6
       9
       5
       9
       8
      14
       4
       9
       6
       9
       3
       6
      10
       5
       7
       4
       1
       8
       6
       7
       8
       5
      10
       8
       4
       4
       7
       8
       9
       7
       4
       8
       5
       6
       6
       7
       3
       9
       6
       6
       5
       8
       3
       3
       9
       5
       5
       8
       8
       9
       4
       8
       8
       5
       6
       5
       4
       5
       4
       5
       6
       4
       5
       4
       8
       3
       5
       9
       7
       7
       3
       8
       5
       6
       6
       3
       6
       5
       5
       5
       6
       8
       2
       3
      12
       6
       7
       6
       8
       4
       8
       3
       2
       4
       3
       8
       2
       4
       7
       3
       5
       4
       7
       7
      11
       6
       4
       7
       4
       6
       5
       2
       7
       9
       3
       6
       7
       3
       4
       6
       5
       3
       8
       3
       8
       6
       4
      10
       9
       4
       6
       9
       4
       7
       6
       7
       3
       9
       7
       9
       5
       6
       4
       3
       4
       5
       5
       5
       4
       8
       6
       3
       2
       6
      11
       9
       3
       6
       7
       5
       6
       1
       7
       4
       5
       3
       3
       3
       7
       4
       6
       4
       5
       3
       4
       8
       5
       4
       7
       2
       8
       4
       1
       6
       9
       5
       4
       6
       7
       3
       6
       7
       7
       3
       6
       3
      11
       8
       4
       3
       4
       2
       2
       4
       2
       4
       5
       6
       5
       2
       3
      11
       5
       6
       4
       3
       3
       4
       4
       4
       4
       5
       7
       3
       4
       3
      11
       3
       1
       3
       5
       3
       2
       4
       5
       6
       6
       6
       2
       3
       6
       6
       4
       4
       1
       2
       1
       3
       4
       5
       2
       2
       4
       4
       2
       1
       4
       8
       2
       3
       2
       2
       8
       4
       5
       8
       6
       3
       4
       2
       1
       0
       6
       3
       2
       3
       3
       1
       3
       6
       1
       2
       5
       2
       2
       3
       3
       4
       5
       1
       3
       5
       8
       9
       4
       5
       2
       4
       3
       2
       5
       4
       3
       4
       5
       4
       2
       4
       3
       1
       1
       4
       1
       6
       7
       5
       0
       5
       8
       3
       6
       4
       5
       3
       3
       2
       1
       3
       3
       4
       6
       5
       4
       2
       7
       2
       1
       3
       5
       5
       1
       4
       2
       3
       3
       3
       2
       1
       5
       4
       4
       4
       2
       4
       1
       2
       2
       3
       6
       3
       2
       4
       4
       6
       6
       2
       7
       2
       2
       2
       5
       2
       5
       4
       2
       2
       5
       4
       2
       7
       1
       3
       3
       1
       6
       1
       2
       2
       5
       5
       3
       4
       5
       4
       2
       6
       5
       6
       2
       0
       1
       2
       2
       3
       4
       0
       5
       2
       3
       5
       2
       2
       2
       1
       7
       4
       4
       8
       5
       3
       1
       1
       4
       2
       5
       0
       2
      63
      62
      75
      68
      62
      60
      49
      63
      71
      66
      79
      60
      75
      78
      50
      74
      64
      79
      74
      66
      48
      59
      67
      66
      57
      64
      71
      55
      65
      60
      58
      69
      53
      64
      55
      49
      58
      60
      60
      60
      59
      54
      64
      55
      53
      65
$ROI:
1
897 903
$PRESETS:
None
0
0
$ENER_FIT:
0.000000 0.000000
$MCA_CAL:
3
0.000000E+000 0.000000E+000 0.000000E+000
$SHAPE_CAL:
3
0.000000E+000 0.000000E+000 0.000000E+000
