$SPEC_ID:
No sample description was entered.
$SPEC_REM:
DET# 1
DETDESC# FP02 MCB 25
AP# Maestro Version 6.02
$DATE_MEA:
05/06/2010 13:09:41
$MEAS_TIM:
2468 2474
$DATA:
0 2047
       0
       0
       0
       0
       0
       0
       0
       0
       0
       0
       0
       0
       0
       0
       0
       0
       0
       0
       0
       0
       0
       0
       0
       0
       0
       0
       0
       0
       0
       0
       0
       0
       0
       0
       0
       0
       0
       0
       0
       0
       0
       0
       0
       0
       0
       0
       0
       0
       0
       0
       0
       0
       0
       0
       0
       0
       0
       0
       0
       0
       0
       0
       0
       0
       0
       0
       0
       0
       0
       0
       0
       0
       0
       0
       0
       0
       0
       0
       0
       0
       0
       0
       0
       0
       0
       0
       0
       0
       0
       0
       0
       0
       1
     393
     591
     607
     659
     677
     629
     661
     694
     708
     753
     705
     640
     702
     715
     713
     754
     752
     769
     774
     755
     750
     813
     770
     801
     819
     827
     838
     881
     878
     841
     897
     872
     843
     913
     845
     855
     877
     917
     897
     904
     919
     888
     918
     908
     883
     915
     929
     915
     943
     946
     928
     930
     953
     924
     928
     967
     948
     874
     969
     901
     963
     933
     933
     951
     932
     872
     920
     893
     903
     913
     928
     906
     941
     885
     899
     918
     929
     946
     913
     934
     873
     861
     870
     910
     924
     910
     868
     879
     966
     928
     875
     886
     860
     902
     901
     957
     894
     859
     873
     964
     906
     848
     894
     850
     879
     873
     892
     830
     828
     805
     851
     862
     860
     819
     882
     862
     762
     863
     803
     815
     813
     807
     811
     795
     771
     793
     816
     795
     738
     779
     814
     756
     775
     763
     725
     732
     801
     746
     744
     799
     737
     732
     739
     732
     765
     724
     676
     691
     747
     766
     711
     710
     699
     641
     696
     731
     713
     663
     693
     657
     699
     638
     675
     669
     678
     663
     682
     598
     633
     680
     653
     639
     700
     646
     605
     621
     686
     639
     639
     632
     628
     645
     589
     604
     594
     613
     626
     611
     549
     590
     621
     594
     616
     622
     584
     592
     564
     535
     597
     572
     547
     559
     573
     579
     541
     579
     522
     611
     536
     561
     549
     569
     531
     539
     501
     499
     528
     532
     544
     522
     477
     486
     486
     500
     511
     518
     470
     484
     484
     481
     465
     480
     487
     465
     489
     485
     490
     483
     446
     468
     475
     457
     480
     466
     456
     423
     468
     396
     418
     434
     426
     423
     434
     411
     446
     417
     428
     383
     450
     441
     428
     411
     400
     429
     367
     405
     413
     425
     443
     364
     378
     407
     404
     409
     402
     365
     403
     399
     345
     359
     338
     376
     377
     340
     394
     333
     384
     376
     325
     336
     291
     346
     327
     359
     326
     333
     367
     314
     345
     340
     326
     349
     354
     369
     329
     342
     344
     304
     292
     315
     315
     324
     312
     309
     316
     329
     312
     312
     291
     272
     287
     310
     314
     319
     280
     276
     299
     312
     261
     306
     278
     273
     237
     241
     287
     274
     314
     279
     270
     270
     284
     282
     274
     262
     277
     258
     240
     237
     259
     231
     225
     243
     276
     270
     255
     256
     266
     269
     233
     254
     215
     253
     276
     245
     228
     234
     216
     233
     218
     238
     247
     248
     234
     244
     211
     251
     234
     208
     214
     247
     237
     203
     247
     189
     231
     216
     238
     205
     222
     260
     222
     218
     200
     189
     219
     230
     213
     205
     214
     223
     206
     208
     230
     199
     195
     217
     219
     218
     226
     230
     213
     228
     198
     177
     189
     206
     216
     201
     200
     195
     200
     184
     216
     218
     176
     191
     206
     174
     182
     194
     197
     216
     207
     197
     188
     165
     193
     190
     184
     190
     210
     183
     175
     182
     190
     181
     184
     176
     201
     177
     179
     181
     201
     198
     185
     189
     195
     174
     215
     186
     179
     190
     175
     180
     209
     198
     202
     188
     185
     201
     187
     197
     197
     195
     181
     168
     165
     178
     185
     157
     190
     163
     176
     172
     197
     171
     162
     179
     179
     174
     158
     182
     153
     173
     201
     173
     169
     190
     165
     167
     172
     175
     176
     179
     183
     184
     188
     173
     181
     198
     171
     156
     177
     200
     171
     171
     193
     180
     192
     161
     180
     173
     176
     162
     164
     144
     167
     191
     174
     156
     181
     147
     168
     164
     131
     140
     171
     149
     159
     162
     177
     150
     145
     167
     166
     173
     171
     165
     162
     149
     162
     139
     174
     152
     170
     147
     141
     156
     168
     156
     167
     150
     144
     148
     156
     156
     166
     138
     136
     152
     143
     138
     143
     144
     135
     152
     125
     123
     142
     137
     138
     148
     147
     154
     127
     130
     123
     157
     122
     137
     129
     119
     116
     126
     126
     127
     121
     132
     127
     132
     123
     122
     116
     118
     112
     107
     108
     131
     107
     107
     107
      85
     104
      92
     113
      96
     110
     100
     106
     103
     102
     123
     100
     108
      87
      91
      87
      95
     100
      79
     122
      96
      97
      89
      94
      95
      94
      92
      85
      84
      68
      97
      90
      97
      62
      73
      88
      67
      74
      69
      64
      94
      80
      66
      78
      77
      72
      90
      84
      73
      70
      86
      84
      80
      86
      69
      69
      57
      65
      75
      72
      59
      78
      70
      80
      57
      68
      60
      68
      69
      60
      56
      60
      63
      68
      67
      66
      74
      65
      71
      60
      53
      51
      49
      59
      52
      60
      54
      59
      69
      69
      60
      54
      65
      52
      56
      60
      58
      50
      69
      57
      59
      57
      55
      54
      57
      63
      37
      51
      68
      45
      66
      63
      57
      55
      54
      65
      51
      43
      46
      53
      50
      52
      57
      51
      72
      52
      62
      48
      47
      57
      58
      51
      56
      62
      66
      50
      52
      57
      56
      60
      49
      53
      45
      66
      78
      63
      58
      56
      62
      61
      63
      46
      67
      60
      58
      59
      60
      52
      75
      58
      64
      76
      71
      72
      86
      76
      77
      93
      74
      77
      74
      91
      89
      78
      99
      79
      88
      97
      96
      96
      92
     103
     107
     102
     116
     101
     110
     112
     117
     154
     119
     127
     120
     127
     115
     145
     120
     127
     139
     166
     122
     178
     143
     171
     166
     157
     185
     183
     183
     202
     159
     196
     180
     164
     186
     200
     203
     196
     212
     240
     210
     200
     215
     239
     229
     221
     215
     232
     212
     223
     258
     258
     230
     283
     235
     269
     275
     269
     250
     271
     272
     303
     272
     315
     287
     322
     294
     290
     323
     288
     332
     313
     323
     342
     345
     360
     324
     314
     326
     295
     308
     340
     332
     330
     325
     325
     325
     344
     328
     357
     330
     353
     319
     335
     330
     389
     338
     366
     349
     352
     348
     365
     367
     355
     322
     306
     375
     363
     308
     337
     344
     360
     372
     353
     318
     332
     336
     349
     355
     335
     338
     307
     305
     315
     352
     379
     332
     316
     306
     317
     294
     310
     318
     312
     305
     310
     330
     302
     308
     286
     302
     288
     282
     288
     272
     276
     285
     277
     273
     281
     256
     256
     259
     255
     268
     228
     266
     241
     246
     242
     260
     226
     229
     234
     228
     235
     240
     183
     220
     254
     250
     213
     252
     216
     190
     192
     217
     202
     177
     230
     221
     181
     179
     198
     195
     191
     180
     191
     187
     155
     163
     157
     183
     149
     125
     142
     161
     129
     162
     146
     142
     145
     147
     143
     123
     119
     117
     158
     127
     117
     111
     117
     116
     109
     117
     108
     104
     109
     105
     126
     104
     117
     105
     108
     114
      87
     100
     105
      89
      99
      90
      88
      76
      85
      72
      84
      69
      88
      77
      75
      72
      78
      83
      70
      76
      71
      65
      76
      54
      68
      64
      59
      61
      60
      64
      57
      40
      60
      55
      50
      62
      48
      76
      38
      45
      42
      51
      48
      43
      32
      47
      52
      42
      34
      45
      30
      41
      37
      32
      35
      46
      31
      34
      26
      42
      36
      28
      37
      31
      32
      27
      32
      41
      30
      30
      30
      31
      24
      29
      22
      23
      25
      28
      26
      24
      24
      35
      21
      25
      23
      21
      25
      20
      29
      20
      24
      21
      17
      28
      20
      21
      29
      23
      18
      23
      24
      18
      18
      21
      17
      21
      11
      18
      21
      16
      21
      22
      12
      14
      19
      19
      12
      19
      19
      17
      17
      21
      26
      19
      17
      15
      16
      18
      15
      10
      26
      15
      17
       7
      22
      22
      10
      14
      23
      21
      13
      17
      23
      19
      15
      14
      18
      21
      11
      19
      25
      15
      14
      22
      18
      20
      17
      14
      10
      18
      18
      24
      13
      12
      12
      14
       7
       9
      14
      13
      22
      27
      20
      20
      16
      13
      11
      12
      11
      11
      15
      18
      15
      19
      11
      12
      16
      14
      22
      18
       9
      13
      16
      17
      12
      14
      15
      14
      17
       8
      17
      12
       9
      17
      14
      15
      13
      12
      16
      12
      14
      12
      12
      13
      16
      11
      16
      15
      13
      14
      11
      18
      14
       5
       9
      13
       9
      17
      16
      22
      19
      16
      11
      11
      13
      14
      16
      12
      23
      18
      16
      11
      13
       4
      16
      16
      24
      11
      17
      17
      15
      11
      16
      14
      14
      14
      10
      11
      12
      12
      10
      12
      17
       8
      16
      25
      12
      17
      11
       9
      12
       9
      22
       9
      13
      11
      13
      11
      17
       8
      11
      12
      12
       9
      14
      11
      11
      11
      14
       9
       9
       9
      15
      14
      16
      16
       7
       8
      13
       9
       8
      19
      11
      12
      13
      14
       7
      14
      13
      12
      12
      15
      17
      13
      11
      14
       7
      11
      20
      14
      12
      10
      12
      17
       7
      12
       8
       8
      11
      10
      10
       6
      16
      12
      17
       9
      13
      10
      14
      12
      10
       9
      13
       9
       9
       9
      19
      12
      13
       8
      11
      10
       9
      12
       9
      15
       4
      11
      11
      10
      11
      13
      13
      11
       9
      16
      15
       8
      14
      16
       8
      19
      12
      10
      10
      12
       9
       6
       9
      10
       8
      12
      12
      12
      12
      13
       9
       8
      10
       6
       7
      13
      18
      13
       3
      13
      13
       9
       9
      14
      12
      15
      11
      12
      10
       9
       6
      14
      12
       8
       5
      13
      11
       8
      18
       9
      15
      12
      11
      14
      14
      14
      13
      10
      16
       7
      10
      16
      13
       9
      12
      11
      11
       6
       5
       9
      11
       9
      11
      11
      14
      11
      15
      11
       8
      10
      12
      12
       9
      15
      11
      13
       8
       5
       7
       4
      11
      15
       8
      17
       9
      10
       8
      12
       9
      14
       7
      12
      12
      13
      12
      12
      13
       9
      14
       6
      15
      10
      10
       5
       7
      11
       9
      11
      12
      12
       7
       7
       9
       8
       7
      12
      11
      10
      11
       6
      11
       4
      10
      15
      11
       8
       9
      17
       9
      12
      11
      12
      13
      10
       6
       8
      15
      13
      13
      17
       9
       9
      16
      10
      12
      14
       9
      14
       8
      11
      10
      10
      10
       5
       7
      11
       9
      17
       9
      10
       9
       7
      14
       8
      15
       7
       7
      13
       9
       5
      12
       5
       6
       9
       4
      11
       7
       8
       6
      13
       9
       4
       9
       4
      13
       8
       7
       5
       6
      10
       7
      12
       4
       9
       8
       8
      13
      12
       5
       8
      10
      11
       8
      15
      11
      11
       5
       5
      14
       5
      11
       8
       7
       8
       7
      10
      12
       8
       8
      11
      10
       7
       8
       2
       5
       7
       9
       8
       7
      11
       9
       9
      11
       8
       5
       7
      11
       4
       8
       8
       9
       8
       7
      10
       6
       6
      14
       5
       5
       6
       5
       9
       9
       7
       6
      10
       9
      16
       5
       7
       8
       8
       8
       3
       6
       7
       4
       1
      10
       4
       9
       9
       4
       5
      10
       7
       7
       5
       8
       3
      11
      13
       9
      12
       5
       6
       9
       9
      10
       4
       9
       6
      14
       4
       4
       6
       6
       3
       7
       8
       6
       6
       7
       6
       8
       5
       5
       7
       4
       5
       8
      10
       9
       7
       8
       6
       3
       7
       7
       8
       7
       3
       2
       3
      12
       9
       5
       3
       4
       8
       7
       6
      14
       6
       7
       7
       7
       6
       1
       4
       1
       6
       5
       3
       5
       6
       6
      12
      10
       5
       3
       4
       6
       6
       4
       6
       6
       7
       4
       3
       6
       3
       6
       4
       3
      10
       7
       9
      10
       8
       6
       6
       2
       3
       7
       3
       5
       7
       4
       6
       4
       7
       5
       2
       7
       6
       4
       4
       7
       2
       5
       4
       6
       8
       4
       8
       5
       3
      10
       4
       5
       4
       5
       6
       3
       5
       4
       9
       5
       5
       4
       4
       4
       0
       6
       5
       8
       7
       8
       5
       4
       1
       3
       6
       1
       5
       5
       3
       4
       9
       7
       3
       7
       2
       5
       1
       9
       5
       2
       3
       5
       3
       3
       6
       1
       8
       4
       3
       8
       6
       5
       7
       8
       2
       7
       4
       3
       5
       5
       6
       6
       7
       9
       3
       8
       4
       6
       3
       4
       5
       4
       5
       5
       5
       7
      11
       2
       7
       4
       4
       6
       3
       3
       4
       5
       6
       3
       6
       8
       5
       5
       2
       3
       5
       6
       6
       3
       4
       3
       3
       4
       8
       4
       4
       3
       5
       4
       4
       5
       7
       8
       6
       7
       4
       4
       9
       9
      92
      95
     106
      97
      94
     101
     112
      95
      82
      96
      95
      65
      81
     101
      81
      87
      81
      98
      92
      87
      73
     100
      71
      81
     101
      84
      73
      82
      85
      77
      72
      90
      73
      87
      71
      92
      86
      74
      94
      81
      88
      74
      77
      96
      91
      81
$ROI:
1
897 903
$PRESETS:
None
0
0
$ENER_FIT:
0.000000 0.000000
$MCA_CAL:
3
0.000000E+000 0.000000E+000 0.000000E+000
$SHAPE_CAL:
3
0.000000E+000 0.000000E+000 0.000000E+000
