$SPEC_ID:
No sample description was entered.
$SPEC_REM:
DET# 1
DETDESC# FP02 MCB 25
AP# Maestro Version 6.02
$DATE_MEA:
05/06/2010 13:53:48
$MEAS_TIM:
3963 3971
$DATA:
0 2047
       0
       0
       0
       0
       0
       0
       0
       0
       0
       0
       0
       0
       0
       0
       0
       0
       0
       0
       0
       0
       0
       0
       0
       0
       0
       0
       0
       0
       0
       0
       0
       0
       0
       0
       0
       0
       0
       0
       0
       0
       0
       0
       0
       0
       0
       0
       0
       0
       0
       0
       0
       0
       0
       0
       0
       0
       0
       0
       0
       0
       0
       0
       0
       0
       0
       0
       0
       0
       0
       0
       0
       0
       0
       0
       0
       0
       0
       0
       0
       0
       0
       0
       0
       0
       0
       0
       0
       0
       0
       0
       0
       0
       0
     563
     863
     915
     915
     867
     953
     943
     995
     979
    1005
     977
    1038
     988
    1041
    1077
    1115
    1095
    1115
    1098
    1191
    1159
    1141
    1120
    1158
    1203
    1197
    1248
    1244
    1286
    1291
    1238
    1317
    1351
    1342
    1299
    1299
    1316
    1300
    1301
    1331
    1354
    1353
    1354
    1390
    1405
    1290
    1387
    1413
    1395
    1316
    1364
    1378
    1360
    1407
    1383
    1441
    1391
    1380
    1398
    1449
    1314
    1388
    1437
    1427
    1398
    1451
    1389
    1403
    1456
    1416
    1350
    1411
    1366
    1407
    1378
    1445
    1398
    1340
    1336
    1338
    1366
    1403
    1340
    1308
    1332
    1333
    1348
    1355
    1298
    1283
    1330
    1310
    1340
    1263
    1301
    1318
    1241
    1344
    1261
    1225
    1341
    1299
    1272
    1203
    1267
    1306
    1226
    1248
    1215
    1303
    1248
    1230
    1173
    1212
    1260
    1223
    1197
    1152
    1201
    1217
    1175
    1160
    1238
    1198
    1210
    1187
    1140
    1095
    1198
    1114
    1066
    1053
    1146
    1086
    1093
    1105
    1074
    1137
    1100
    1066
    1142
    1077
    1037
    1130
    1050
    1045
    1150
     978
    1003
    1032
    1041
    1019
    1028
     941
     930
    1032
    1052
    1002
     963
    1002
     957
     966
     974
     952
     915
     929
     969
     935
     955
     936
     925
     959
     946
     902
     901
     910
     870
     903
     862
     834
     895
     870
     891
     857
     887
     816
     834
     911
     826
     778
     834
     842
     824
     839
     750
     794
     774
     783
     785
     757
     750
     752
     761
     773
     759
     753
     764
     733
     774
     786
     746
     714
     671
     710
     772
     662
     683
     714
     690
     680
     708
     706
     714
     697
     666
     619
     620
     622
     690
     678
     651
     598
     612
     615
     650
     616
     617
     651
     639
     540
     596
     570
     608
     576
     591
     590
     622
     593
     603
     599
     598
     567
     580
     564
     532
     583
     546
     530
     545
     537
     487
     515
     551
     506
     545
     521
     547
     500
     536
     490
     532
     534
     489
     522
     477
     513
     480
     485
     450
     490
     465
     426
     466
     457
     429
     450
     460
     458
     394
     430
     462
     441
     424
     434
     395
     469
     455
     437
     420
     426
     415
     415
     439
     369
     369
     413
     382
     385
     390
     395
     372
     371
     355
     374
     388
     369
     373
     356
     409
     371
     362
     375
     339
     338
     331
     349
     333
     314
     343
     317
     341
     371
     330
     342
     370
     314
     333
     265
     291
     303
     290
     336
     296
     291
     318
     304
     295
     297
     289
     306
     293
     336
     315
     285
     317
     328
     279
     288
     262
     307
     264
     255
     270
     302
     264
     235
     271
     254
     259
     279
     262
     262
     280
     248
     244
     295
     264
     312
     238
     251
     259
     227
     269
     226
     234
     237
     238
     263
     248
     254
     236
     257
     255
     200
     261
     257
     228
     242
     234
     235
     216
     235
     227
     238
     245
     231
     215
     229
     237
     243
     207
     196
     230
     245
     226
     200
     208
     219
     216
     207
     201
     221
     232
     205
     213
     214
     225
     211
     205
     194
     223
     222
     221
     219
     222
     204
     185
     200
     185
     206
     199
     186
     193
     183
     197
     202
     205
     169
     192
     185
     177
     175
     193
     188
     179
     195
     194
     172
     195
     197
     199
     178
     179
     186
     180
     179
     183
     177
     168
     182
     184
     175
     175
     196
     174
     187
     164
     199
     172
     169
     188
     163
     198
     157
     200
     183
     196
     149
     181
     151
     164
     173
     182
     163
     166
     173
     164
     141
     180
     179
     181
     181
     155
     166
     157
     142
     172
     170
     148
     166
     169
     149
     153
     166
     168
     174
     152
     164
     160
     167
     162
     176
     140
     156
     148
     148
     155
     157
     175
     143
     159
     155
     163
     148
     144
     149
     155
     163
     143
     140
     148
     150
     149
     150
     155
     151
     156
     160
     156
     164
     132
     137
     144
     122
     145
     170
     140
     143
     148
     119
     157
     130
     138
     175
     135
     127
     122
     126
     112
     128
     122
     124
     141
     131
     124
     124
     132
     114
     139
     130
     135
     134
     131
     125
     117
     117
     100
     110
     101
     130
     123
     116
     115
     125
     127
     122
     113
     124
     117
     117
     118
      97
     113
     126
     106
     119
     118
      99
      93
     109
     100
     119
     119
     100
     104
     104
     106
     108
     109
      95
     105
      91
      90
     101
      95
      99
     115
     136
      89
      91
      86
     103
      78
      91
     101
      85
      78
      96
     103
     100
      88
      95
      88
      74
      78
      81
      86
      82
      90
      87
      79
      90
      70
      80
      87
      66
      65
      90
     101
      73
      86
      71
      87
      72
      69
      76
      77
      70
      78
      61
      81
      69
      75
      63
      84
      91
     101
      78
      82
      71
      79
      86
      68
      41
      78
      75
      70
      70
      64
      59
      78
      79
      68
      79
      83
      82
      58
      76
      60
      75
      58
      56
      59
      71
      79
      74
      71
      70
      46
      72
      71
      51
      71
      64
      72
      68
      59
      72
      65
      69
      79
      60
      67
      65
      59
      77
      58
      60
      69
      62
      64
      79
      65
      70
      64
      63
      57
      62
      68
      63
      52
      69
      65
      64
      68
      81
      79
      64
      61
      67
      76
      57
      54
      72
      75
      71
      65
      66
      74
      81
      65
      91
      71
      79
      80
      73
      71
      91
      63
      73
      73
      69
      74
      56
      72
      77
      87
      64
      78
      78
      86
      73
      92
      94
      79
      89
      81
      84
      85
      86
      89
     105
      91
      77
      96
      92
      93
      88
      88
     115
     105
      98
     105
     112
      95
     102
     106
      93
      87
     111
     129
     138
     130
     110
     131
     109
     116
     111
     143
     130
     136
     142
     134
     127
     130
     136
     138
     154
     125
     138
     142
     130
     164
     146
     145
     152
     155
     163
     169
     159
     184
     169
     172
     166
     199
     177
     176
     173
     181
     191
     191
     206
     213
     206
     191
     206
     209
     208
     198
     206
     194
     202
     215
     184
     177
     225
     174
     224
     204
     212
     199
     219
     191
     251
     237
     202
     219
     232
     235
     201
     231
     228
     227
     225
     228
     228
     214
     221
     216
     240
     222
     224
     229
     237
     233
     238
     239
     205
     228
     239
     214
     239
     217
     229
     249
     249
     197
     214
     219
     230
     218
     207
     213
     229
     233
     232
     225
     235
     193
     231
     199
     217
     208
     206
     201
     214
     203
     211
     171
     199
     183
     202
     170
     184
     198
     175
     184
     219
     170
     176
     164
     169
     172
     158
     186
     180
     175
     168
     174
     149
     161
     180
     137
     168
     121
     138
     141
     151
     126
     152
     147
     162
     153
     149
     139
     155
     143
     136
     120
     131
     151
     123
     112
     122
     156
     116
     115
     137
     110
     114
     132
     121
      96
     125
     115
     120
     118
     126
     111
      99
      97
      97
     103
     116
     115
     112
      98
     102
      78
      84
     101
      97
      84
      86
      88
      71
      77
     108
      94
      72
      80
      73
      84
      82
      77
      69
      79
      77
      84
      71
      70
      62
      82
      72
      71
      74
      68
      59
      66
      63
      55
      71
      61
      52
      51
      55
      54
      71
      62
      66
      57
      58
      54
      53
      56
      64
      38
      54
      54
      50
      62
      45
      40
      51
      45
      35
      46
      49
      27
      52
      50
      36
      43
      39
      34
      28
      41
      40
      50
      28
      38
      50
      46
      33
      46
      32
      34
      27
      27
      34
      37
      34
      27
      41
      49
      30
      32
      44
      32
      37
      47
      24
      37
      35
      31
      23
      40
      23
      29
      28
      35
      36
      29
      33
      19
      38
      27
      25
      23
      24
      25
      28
      39
      21
      29
      30
      22
      31
      31
      25
      22
      25
      25
      22
      24
      19
      12
      27
      23
      29
      18
      30
      26
      19
      36
      26
      30
      41
      31
      32
      23
      18
      34
      22
      20
      29
      31
      29
      25
      26
      13
      29
      23
      37
      34
      28
      25
      26
      23
      26
      27
      30
      29
      23
      27
      21
      24
      29
      26
      30
      27
      24
      25
      23
      15
      34
      33
      28
      33
      24
      23
      25
      27
      27
      35
      33
      24
      26
      22
      23
      18
      25
      19
      26
      24
      17
      18
      27
      28
      24
      26
      18
      27
      24
      24
      23
      21
      18
      16
      28
      20
      25
      23
      29
      27
      18
      29
      20
      31
      30
      25
      23
      19
      25
      22
      25
      15
      21
      22
      14
      34
      22
      32
      28
      14
      20
      31
      29
      15
      27
      19
      24
      28
      18
      23
      17
      30
      17
      15
      27
      16
      28
      27
      20
      19
      22
      20
      19
      18
      12
      21
      27
      25
      21
      24
      14
      34
      21
      23
      20
      20
      18
      21
      15
      29
      22
      16
      16
      19
      19
      24
      23
      23
      26
      18
      19
      23
      21
      19
      22
      23
      19
      15
      15
      26
      19
      20
      20
      28
      22
      21
      21
      26
      20
      20
      18
      20
      25
      25
      24
      18
      25
      26
      22
      17
      29
       8
      27
      19
      22
      11
      13
      29
      29
      18
      16
      14
      21
      24
      24
      20
      17
      19
      20
      17
      16
      17
      18
      15
      23
      24
      15
      17
      29
      26
      12
      19
      20
      21
      20
      15
      21
      16
      18
      13
       9
      15
      15
      16
      20
      28
      16
      20
      15
      25
      14
      13
      22
      16
      17
      22
      20
      20
      20
      21
      14
      17
      19
      19
      16
      17
      14
      14
      17
      25
      19
      19
      20
       9
      20
      17
      16
      19
      20
      15
      16
      19
      18
      15
      23
      14
      22
      17
      13
      18
      23
      20
      16
      19
      16
      15
      19
      20
      11
      13
      19
      21
      17
      20
      13
       9
      17
      15
      18
      16
      21
       9
      19
      15
      14
      12
      16
      20
      15
      22
      20
      11
       9
      16
      14
      16
      15
      16
      17
      12
      14
      23
      12
      16
      24
      16
      12
      17
       8
      14
      11
      25
      17
      13
      18
      12
      19
      25
      29
      12
      14
      11
      26
      14
      14
      17
      20
      10
      18
      18
      19
       7
      12
      18
      19
      18
      16
      10
      14
      11
      24
      12
      18
      11
      20
      17
      17
      17
      20
      13
      22
      16
      17
      14
       9
      11
      10
      16
      16
      22
      13
      14
      10
      15
      10
      18
      19
      10
       8
      16
      15
      14
      23
      21
      20
      13
      16
      21
      13
      19
      11
      21
      14
       8
      15
      11
      22
      13
      14
      12
      16
      19
      21
      17
      19
      15
      18
      15
      18
      12
      17
      20
      24
      24
      10
      19
      10
      13
      15
      15
      16
      24
       8
      16
      17
      16
      18
      16
      10
      13
      16
      15
      12
      17
       9
      11
      17
      11
      16
      17
      18
      10
      16
      15
      14
      21
      13
      11
      15
      10
      18
      14
      16
      11
      19
      13
      19
      12
      15
      15
      15
      16
       7
       8
      17
      11
      12
      19
      13
      13
      13
      10
      14
      11
      10
       8
      12
      14
      14
      16
      16
      12
      14
      10
      14
      10
      11
      21
      16
      17
      13
      11
      13
      17
      15
      15
      15
      12
      12
      15
      17
      12
      13
      11
      16
      12
       9
      18
      14
      14
      14
      16
       8
      17
      12
       6
      11
      20
       9
      11
      14
       4
      11
       9
       6
      15
      14
      11
      12
      15
       9
      15
       6
      14
      16
      11
       8
      11
       8
      11
      10
      13
       9
      11
      10
      11
      15
       9
      19
      11
       9
      11
       4
      16
      13
      12
      13
       9
      12
      12
      12
       7
       8
       7
       6
       7
      15
      10
      11
      11
       8
      12
      10
      13
      11
      11
      11
       8
      12
      12
      12
       7
       8
       6
      11
       9
      13
       8
      10
       9
       3
      11
       6
       6
      10
      10
      14
      11
       8
       8
       8
       7
      11
       4
       7
       7
       7
      14
       7
       7
       8
       9
       8
       6
       8
       5
       7
      10
      10
       8
       9
      11
       6
       8
       9
       7
      12
       6
       4
      10
       5
      13
       7
      10
      10
      14
      11
      18
       7
       6
       4
       6
       8
      11
       5
       8
       9
       8
       4
      12
       6
       4
      11
       5
       8
       8
       4
       6
       6
      11
       6
       6
      10
       6
      11
       6
       8
       7
      12
       9
       4
       5
       9
       9
      10
       2
       8
       8
       8
       6
      10
       8
       8
       7
       8
       8
       4
      10
       6
       9
       8
       9
       7
       6
       7
       4
       8
       5
      10
      11
       9
       3
       8
       8
       7
       5
       6
       9
       5
       2
       6
       5
       8
       7
       5
       1
       6
       6
       5
       8
       8
       6
       7
       4
       3
       7
      12
       8
       6
       9
       9
       5
       5
      10
      12
       7
       3
      10
       5
      12
       4
       4
       7
       3
       2
      10
       9
       3
       8
      10
       6
       7
       4
       9
       5
       9
      11
       5
      10
       6
       5
       4
       5
       5
       6
      10
       9
       7
      12
       8
       5
       5
       8
      12
     120
     146
     159
     141
     141
     151
     159
     154
     124
     152
     129
     121
     134
     153
     137
     132
     151
     118
     130
     141
     135
     146
     149
     128
     152
     121
     152
     137
     120
     121
     122
     124
     160
     129
     133
     134
     131
     127
     128
     116
     114
     122
     131
     120
     104
     146
$ROI:
1
897 903
$PRESETS:
None
0
0
$ENER_FIT:
0.000000 0.000000
$MCA_CAL:
3
0.000000E+000 0.000000E+000 0.000000E+000
$SHAPE_CAL:
3
0.000000E+000 0.000000E+000 0.000000E+000
