$SPEC_ID:
No sample description was entered.
$SPEC_REM:
DET# 1
DETDESC# FP02 MCB 25
AP# Maestro Version 6.02
$DATE_MEA:
05/06/2010 12:35:43
$MEAS_TIM:
1880 1883
$DATA:
0 2047
       0
       0
       0
       0
       0
       0
       0
       0
       0
       0
       0
       0
       0
       0
       0
       0
       0
       0
       0
       0
       0
       0
       0
       0
       0
       0
       0
       0
       0
       0
       0
       0
       0
       0
       0
       0
       0
       0
       0
       0
       0
       0
       0
       0
       0
       0
       0
       0
       0
       0
       0
       0
       0
       0
       0
       0
       0
       0
       0
       0
       0
       0
       0
       0
       0
       0
       0
       0
       0
       0
       0
       0
       0
       0
       0
       0
       0
       0
       0
       0
       0
       0
       0
       0
       0
       0
       0
       0
       0
       0
       0
       0
       1
     237
     325
     367
     347
     394
     440
     390
     378
     396
     414
     425
     449
     448
     416
     432
     456
     439
     456
     491
     480
     488
     463
     466
     488
     504
     503
     527
     496
     544
     558
     538
     538
     566
     555
     511
     529
     531
     572
     557
     543
     557
     564
     555
     574
     608
     584
     578
     605
     548
     603
     553
     570
     535
     582
     593
     565
     578
     583
     551
     589
     571
     592
     585
     563
     524
     573
     552
     578
     552
     544
     578
     529
     558
     530
     567
     582
     499
     550
     540
     567
     526
     551
     559
     531
     530
     514
     531
     522
     512
     545
     545
     545
     515
     522
     539
     473
     443
     500
     481
     488
     498
     464
     497
     519
     483
     472
     482
     475
     465
     475
     453
     477
     426
     486
     426
     472
     448
     492
     481
     461
     419
     425
     413
     500
     418
     436
     403
     443
     416
     443
     423
     436
     412
     411
     402
     407
     401
     453
     372
     393
     383
     389
     399
     429
     344
     398
     405
     369
     390
     364
     377
     370
     389
     398
     375
     352
     369
     358
     365
     361
     362
     345
     322
     328
     338
     319
     299
     308
     338
     320
     341
     316
     292
     326
     327
     306
     327
     322
     288
     347
     315
     303
     303
     299
     320
     318
     331
     310
     341
     291
     294
     312
     288
     288
     308
     298
     287
     331
     267
     289
     307
     272
     262
     283
     286
     262
     254
     274
     286
     255
     258
     288
     261
     266
     293
     230
     261
     241
     223
     234
     242
     268
     267
     238
     250
     243
     240
     235
     238
     206
     231
     221
     228
     238
     201
     235
     230
     226
     244
     197
     231
     209
     220
     225
     223
     229
     220
     207
     247
     200
     223
     206
     232
     218
     213
     189
     201
     183
     199
     209
     211
     196
     172
     212
     201
     202
     203
     168
     170
     189
     184
     191
     209
     189
     171
     178
     159
     177
     187
     175
     173
     176
     183
     163
     173
     191
     189
     164
     169
     168
     148
     162
     157
     149
     150
     146
     145
     141
     151
     156
     177
     150
     137
     147
     147
     148
     156
     142
     157
     130
     142
     155
     140
     153
     139
     136
     140
     162
     138
     144
     128
     152
     133
     145
     154
     133
     118
     120
     144
     137
     122
     124
     124
     135
     104
     107
     122
     122
     125
     140
     106
      91
     129
     126
     113
     124
     118
     114
     116
     124
     126
     129
     115
     118
     116
     103
     121
     105
     126
     120
     118
     114
     123
     124
      89
      98
     115
      88
     108
     100
      87
     108
     106
     101
     104
     122
      91
     105
      83
     105
      87
     108
     117
     104
     118
      91
      99
      90
     107
      97
      81
      86
      83
      89
      81
      78
      94
      82
      84
      93
      82
      91
      87
      90
     106
      83
      94
      82
      99
      80
      87
      91
      96
      82
      85
      95
      78
      71
      85
      84
      85
      79
      77
      60
      83
      64
      72
      91
      74
      70
      90
      88
      87
      80
      73
      80
      85
      96
      87
      80
      80
      87
      97
      71
      62
      86
      65
      65
      64
      71
      67
      91
      70
      66
      54
      67
      67
      67
      76
      54
      56
      60
      65
      60
      62
      63
      47
      61
      64
      64
      66
      66
      70
      57
      60
      68
      55
      64
      55
      53
      54
      74
      41
      62
      47
      64
      60
      62
      62
      52
      45
      62
      59
      51
      43
      46
      62
      51
      66
      68
      54
      50
      46
      55
      66
      61
      68
      49
      54
      48
      43
      41
      47
      56
      40
      57
      49
      38
      42
      49
      42
      38
      43
      49
      50
      48
      35
      51
      39
      40
      41
      53
      33
      41
      38
      38
      42
      38
      46
      44
      34
      39
      46
      56
      41
      59
      38
      42
      27
      32
      52
      42
      35
      44
      33
      31
      42
      32
      36
      35
      44
      40
      38
      37
      46
      41
      35
      46
      22
      33
      54
      41
      46
      33
      35
      35
      37
      50
      32
      44
      40
      34
      62
      37
      57
      38
      42
      35
      39
      34
      36
      41
      39
      46
      46
      53
      40
      43
      40
      39
      40
      39
      41
      40
      45
      45
      41
      62
      41
      46
      57
      58
      39
      40
      53
      39
      55
      44
      44
      58
      42
      53
      52
      57
      49
      56
      59
      45
      42
      48
      61
      42
      43
      69
      73
      53
      56
      51
      58
      46
      65
      63
      49
      72
      61
      48
      60
      51
      62
      59
      61
      63
      70
      55
      67
      64
      58
      58
      58
      65
      53
      65
      73
      55
      51
      52
      59
      72
      61
      58
      62
      52
      64
      65
      55
      48
      64
      48
      76
      74
      61
      51
      64
      59
      65
      67
      58
      57
      56
      61
      61
      59
      50
      64
      67
      55
      67
      57
      58
      62
      57
      63
      54
      53
      72
      59
      38
      49
      63
      53
      51
      52
      64
      48
      45
      47
      54
      44
      53
      45
      53
      62
      54
      57
      58
      39
      51
      47
      47
      50
      42
      47
      49
      43
      51
      40
      45
      45
      48
      45
      38
      37
      38
      34
      51
      45
      43
      49
      34
      38
      43
      28
      53
      32
      30
      52
      24
      49
      45
      30
      43
      26
      43
      44
      35
      35
      46
      33
      46
      44
      38
      21
      22
      36
      34
      49
      22
      37
      40
      37
      34
      36
      23
      30
      39
      24
      27
      35
      33
      25
      32
      20
      30
      25
      25
      37
      31
      38
      22
      27
      31
      34
      37
      38
      26
      28
      31
      29
      25
      28
      35
      30
      22
      29
      24
      27
      28
      28
      31
      29
      38
      25
      24
      28
      25
      24
      31
      26
      29
      21
      37
      32
      28
      34
      27
      27
      21
      24
      21
      24
      18
      24
      22
      24
      21
      20
      26
      22
      21
      21
      16
      24
      21
      27
      20
      26
      18
      28
      24
      17
      16
      30
      21
      21
      28
      23
      19
      11
      27
      20
      22
      22
      26
      28
      20
      33
      19
      15
      24
      27
      22
      19
      22
      19
      19
      17
      18
      30
      21
      19
      25
      23
      12
      21
      18
      22
      21
      20
      18
      20
      20
      21
      19
      20
      15
      14
      30
      17
      16
      15
      20
      18
      16
      18
      19
      22
      22
      15
      14
      18
      21
      20
      15
      19
      17
      20
      17
      21
      20
      16
      15
      14
      18
      21
      16
      18
      13
      20
      20
      17
      26
      14
      26
       8
      19
      18
      19
      13
      20
      17
      14
      21
      17
      17
      18
      12
      21
      20
      21
      26
      21
      11
      12
      16
      20
      20
      16
      18
      14
      19
      11
      16
      14
      20
      19
      14
      16
      11
      12
      22
      21
      16
      21
      22
      12
      16
      15
      11
      10
      11
       9
      19
      20
      23
      22
      19
      13
      17
       9
      18
      23
      12
      14
      15
      19
      20
      20
      17
      17
      13
      11
      16
      13
      16
      11
      13
      14
      23
      15
      13
      13
      12
       9
      16
      14
      12
       9
      30
      20
      12
      13
      16
      18
      16
      15
      17
      17
      11
      14
      20
      15
      11
      13
      12
      17
      18
      14
      14
      13
      20
      13
      12
      15
      16
      13
      18
      15
      21
      19
      15
      17
      14
      20
      16
      14
      16
      12
      15
      17
      16
      13
      18
      18
      18
      17
      14
      13
      12
       9
      11
      14
      17
       9
      18
      15
      14
      14
      20
      22
      19
      18
      12
      13
      17
      15
      14
      19
      13
      14
       8
      11
      14
      14
       5
      10
       8
      17
      12
      11
      14
      12
      16
      18
      17
      10
      12
      12
      13
       9
      19
      19
      15
      12
      16
       8
      12
      13
      11
       9
      15
       9
      15
      14
      20
      11
      17
      10
      12
       6
      12
       6
      11
      12
       7
      21
      14
      14
      14
      15
      21
      18
      15
      18
      14
      15
       9
      15
      16
      17
      14
      12
      11
      16
      12
      19
      13
      18
      14
      11
      15
      12
      23
      12
      12
      18
      12
       6
      11
      12
      12
      13
      13
      13
      10
       8
      10
      19
      18
      14
      10
      13
       9
      17
      11
      15
      12
      11
      13
      19
      22
      15
      15
      15
      10
      15
      11
       9
      17
      12
      12
      14
      18
      17
      20
      17
      19
      22
      13
      15
      11
      14
      17
      15
      15
      12
      13
      19
      11
      14
      17
      16
      11
      14
      13
       7
      15
      12
       9
      18
      14
      15
      14
      18
       5
      16
      18
      18
      12
      12
      14
      13
      27
      20
      12
      14
      13
      16
      15
      13
      16
      11
      12
      11
       9
      17
      12
       6
      12
      13
      12
       9
      13
      21
      10
      14
      15
       9
      22
      23
      10
      12
      11
      13
       9
      18
       8
      10
       9
      15
      10
      12
      14
      12
       7
      15
      13
      17
      13
       9
       7
      17
      12
      19
       9
      11
      12
       8
      23
      16
       7
       5
       6
      19
       7
      14
      15
      15
      10
      11
      20
      15
      13
      11
      20
      19
      16
      11
       9
      12
      10
      10
      11
      12
      16
      15
      18
      17
      11
       6
      17
      12
      13
      23
       7
      11
      10
      12
      15
      12
      17
       6
       9
      12
      18
       8
      15
       8
      16
      16
      16
      11
       9
      14
      19
       7
      12
      10
       8
      18
      13
      10
      11
       9
       9
      10
       5
      14
       3
       9
      11
      15
      15
      11
       9
      10
       9
       9
      12
      10
      11
      16
       8
      17
      14
      14
       7
       9
      14
      14
      10
      14
       6
      11
      11
       6
      10
      16
       9
       5
       5
       9
       9
      12
       8
       7
      11
      13
       7
       5
      10
      12
      11
      11
      17
       9
       8
      10
      14
      11
      18
      10
       6
      13
       7
      15
      13
      10
      11
       9
      14
       9
       4
      10
       7
      12
      11
       9
       8
      11
      15
      12
       8
       6
      12
      10
      11
       8
      10
       9
       7
      14
       7
      12
       8
      12
       9
      14
       6
       9
      10
       6
       9
       8
       5
       9
       6
       6
      11
       7
       6
       9
      11
       7
      10
       5
      10
       9
       9
      14
      11
       4
      10
       7
       3
      10
       8
      15
       8
       5
      11
       8
      10
      10
       9
       8
       7
       8
       8
      16
       9
       8
       9
       8
      10
       7
       6
       4
       8
       6
       7
      10
       4
       8
       6
       7
      11
       5
      11
      10
       8
       8
       6
       9
       6
       6
      10
       5
       4
       5
       3
       8
       7
       6
       8
       4
      10
       4
       9
       4
       9
       8
      10
       7
       8
       5
      10
       9
       5
      10
       4
      10
       3
       6
       7
      13
       9
       6
      15
       5
       8
      10
       6
       6
       6
      11
      11
       9
       9
      16
       8
       8
      10
      12
       8
       6
       4
       7
       5
       9
       6
       2
       9
       7
       7
      14
      10
       2
      11
      12
      10
       9
      10
       6
       8
       8
       8
      11
       7
      11
      10
       9
       8
       7
      11
       3
      10
       8
       8
       2
       6
       4
       2
       5
       3
       9
       6
       5
       5
      10
       8
       8
       7
       4
       3
       7
       7
       9
       7
       6
       5
       8
       8
       6
       6
       7
       8
       8
       9
       8
       6
       9
       5
       7
      10
       4
       4
       3
       7
       4
      12
       7
      15
       9
       9
       6
      14
       5
       8
      12
       4
       6
       3
      12
      11
      10
       6
       6
       6
      11
       2
       9
       9
       7
       7
       5
      11
       4
       8
       8
      13
      12
       6
      13
      10
       9
       3
       5
      13
      10
      11
       5
       7
       7
       7
       3
       9
       9
       9
       2
       9
       3
       8
      10
       5
      10
       4
       6
      12
      11
       8
       7
      10
       8
      12
       8
       9
       9
       7
      12
       7
       8
      11
       7
      11
       8
      13
      12
       8
       6
       5
       3
       8
       7
       5
       8
       6
       7
       6
       8
       7
      15
      10
       9
       8
       4
       5
       6
       7
       6
       9
       7
       7
      15
       8
       8
       8
       8
      13
       7
       6
       6
      11
      11
       9
       9
       5
       7
       6
       9
       6
      10
       6
      12
       6
      11
       6
       8
      13
       3
       8
       5
      10
      10
       5
       6
      11
      15
       6
       5
       5
       5
       7
       5
       9
       7
       9
       4
       8
       7
       8
       8
       6
       3
       9
       8
       3
       6
       5
       7
       8
       7
      12
       5
       6
      13
       9
       7
       8
       4
       5
       4
       8
       8
       6
       4
       7
       6
       6
      10
       6
       6
       4
       5
       8
       7
       6
       6
       4
      10
       7
       6
      13
      11
       7
       5
       3
       6
       6
       4
      10
       8
       9
       7
       5
       8
      12
       8
       6
      10
       6
       6
       8
       5
       4
       3
       5
      10
       7
       0
       8
       5
       4
       8
       3
       4
       7
       8
       2
       8
       6
       4
       7
       3
       5
       5
       9
       8
       4
       4
       6
       6
       2
       5
       6
       8
       6
       8
       6
       8
      71
      82
      79
      66
      81
      81
      74
      69
      76
      88
      80
      60
      78
      79
      66
      96
      68
      77
      85
      69
      66
      68
      69
      78
      70
      72
      67
      71
      51
      69
      76
      63
      76
      64
      79
      61
      55
      56
      75
      51
      69
      66
      76
      57
      60
      77
$ROI:
1
897 903
$PRESETS:
None
0
0
$ENER_FIT:
0.000000 0.000000
$MCA_CAL:
3
0.000000E+000 0.000000E+000 0.000000E+000
$SHAPE_CAL:
3
0.000000E+000 0.000000E+000 0.000000E+000
