$SPEC_ID:
No sample description was entered.
$SPEC_REM:
DET# 1
DETDESC# FP02 MCB 25
AP# Maestro Version 6.02
$DATE_MEA:
05/06/2010 10:07:22
$MEAS_TIM:
3907 3913
$DATA:
0 2047
       0
       0
       0
       0
       0
       0
       0
       0
       0
       0
       0
       0
       0
       0
       0
       0
       0
       0
       0
       0
       0
       0
       0
       0
       0
       0
       0
       0
       0
       0
       0
       0
       0
       0
       0
       0
       0
       0
       0
       0
       0
       0
       0
       0
       0
       0
       0
       0
       0
       0
       0
       0
       0
       0
       0
       0
       0
       0
       0
       0
       0
       0
       0
       0
       0
       0
       0
       0
       0
       0
       0
       0
       0
       0
       0
       0
       0
       0
       0
       0
       0
       0
       0
       0
       0
       0
       0
       0
       0
       0
       0
       0
       4
     455
     718
     747
     795
     786
     773
     757
     803
     808
     869
     924
     871
     911
     876
     892
     945
     920
     949
     902
     981
     906
     993
    1034
    1088
    1027
    1012
     989
    1088
    1028
    1032
    1047
    1084
    1108
    1051
    1078
    1120
    1096
    1022
    1087
    1044
    1138
    1092
    1079
    1051
    1125
    1121
    1117
    1134
    1150
    1138
    1171
    1075
    1092
    1092
    1125
    1187
    1139
    1139
    1139
    1099
    1152
    1131
    1099
    1070
    1105
    1098
    1063
    1102
    1078
    1173
    1084
    1098
    1097
    1045
    1105
     994
    1027
    1028
    1090
    1082
    1045
    1062
    1008
    1017
    1008
    1033
    1048
    1017
    1034
     999
    1004
     992
    1003
    1024
     974
    1015
     970
     977
     981
     977
     895
     994
     957
    1043
     970
     917
     913
     961
     939
     930
     954
     939
     945
     899
     947
     911
     926
     933
     916
     876
     936
     872
     833
     822
     867
     837
     815
     790
     834
     808
     870
     846
     805
     820
     764
     770
     789
     721
     784
     794
     768
     780
     793
     764
     738
     774
     752
     756
     687
     709
     767
     700
     737
     694
     704
     739
     742
     673
     675
     703
     628
     678
     672
     670
     662
     701
     630
     652
     601
     644
     676
     624
     615
     588
     618
     629
     629
     625
     610
     584
     579
     605
     583
     634
     591
     584
     578
     587
     574
     597
     559
     578
     573
     570
     565
     524
     538
     547
     515
     538
     523
     562
     543
     540
     452
     545
     495
     479
     511
     505
     502
     471
     465
     450
     478
     508
     480
     518
     466
     497
     463
     481
     463
     477
     436
     452
     461
     454
     434
     470
     439
     459
     441
     468
     430
     447
     436
     413
     420
     407
     392
     449
     421
     368
     432
     390
     419
     397
     406
     359
     425
     399
     403
     378
     375
     333
     354
     389
     419
     380
     392
     374
     417
     406
     381
     381
     358
     352
     392
     376
     333
     346
     342
     345
     348
     334
     353
     317
     369
     369
     317
     303
     320
     301
     286
     341
     303
     284
     330
     280
     275
     312
     350
     323
     288
     286
     298
     289
     287
     273
     291
     272
     292
     265
     297
     294
     298
     285
     296
     259
     267
     254
     279
     256
     269
     261
     276
     270
     254
     256
     265
     236
     255
     252
     244
     266
     211
     260
     259
     241
     254
     206
     249
     246
     247
     237
     234
     237
     214
     252
     225
     240
     232
     256
     228
     214
     207
     191
     207
     209
     235
     222
     230
     222
     233
     203
     215
     204
     215
     207
     201
     210
     224
     201
     192
     191
     216
     193
     185
     220
     196
     201
     165
     184
     162
     187
     181
     203
     171
     184
     184
     186
     171
     199
     158
     180
     179
     160
     175
     185
     182
     171
     172
     153
     177
     163
     177
     162
     187
     182
     150
     191
     177
     159
     202
     174
     183
     161
     157
     144
     144
     154
     169
     163
     140
     165
     151
     159
     163
     169
     161
     171
     155
     153
     142
     149
     158
     144
     148
     156
     150
     154
     148
     150
     149
     145
     139
     134
     124
     144
     143
     147
     165
     149
     114
     132
     130
     132
     121
     145
     133
     137
     137
     128
     129
     140
     140
     117
     114
     118
     139
     123
     122
     133
     116
     141
     120
     116
     141
     129
     113
     132
     109
     105
     129
     132
     118
     119
     105
     102
     102
     107
     112
     111
      96
      95
     102
     120
     120
     111
     110
     119
     110
     102
     108
     108
      82
     119
      91
      86
     117
     103
      92
     110
      86
     107
      96
     117
      96
      90
     107
      73
      93
      90
      92
     103
      89
     120
      90
      89
      95
     101
      91
      80
      84
     106
      92
      99
      80
      96
      94
      85
      79
      91
      75
      88
      90
      79
      91
      89
     101
      81
      70
      91
      70
      85
      78
      85
      89
      82
      79
      82
      74
      70
      80
      86
      65
      77
      80
      72
      69
      79
      73
      76
      63
      83
      74
      71
      93
      85
      67
      77
      62
      63
      72
      70
      79
      74
      76
      64
      61
      69
      76
      66
      76
      66
      77
      60
      64
      73
      81
      84
      61
      61
      86
      55
      72
      65
      76
      71
      56
      79
      49
      65
      69
      66
      60
      70
      71
      55
      53
      57
      66
      78
      61
      77
      72
      56
      62
      60
      59
      57
      64
      65
      59
      75
      74
      58
      59
      62
      64
      61
      66
      69
      60
      70
      60
      72
      65
      53
      64
      63
      74
      57
      60
      59
      56
      55
      64
      79
      42
      54
      61
      65
      61
      73
      55
      51
      67
      59
      57
      44
      57
      61
      59
      47
      62
      52
      45
      58
      47
      61
      45
      53
      62
      58
      55
      57
      47
      45
      52
      70
      66
      45
      52
      64
      55
      83
      61
      51
      59
      66
      57
      48
      52
      42
      41
      59
      47
      58
      42
      57
      55
      58
      47
      61
      38
      58
      61
      69
      53
      43
      58
      54
      68
      50
      46
      52
      46
      61
      49
      52
      62
      45
      52
      60
      58
      52
      58
      49
      46
      50
      40
      54
      48
      54
      60
      51
      43
      57
      44
      46
      47
      48
      49
      51
      56
      43
      52
      47
      54
      48
      47
      52
      31
      46
      51
      45
      44
      59
      58
      57
      49
      47
      60
      58
      55
      54
      47
      42
      57
      48
      57
      40
      42
      44
      39
      66
      44
      49
      53
      38
      51
      49
      45
      46
      39
      44
      55
      48
      50
      52
      42
      47
      53
      55
      47
      53
      51
      52
      60
      37
      44
      61
      39
      48
      49
      59
      51
      50
      50
      50
      39
      50
      48
      52
      57
      45
      49
      41
      43
      36
      36
      56
      46
      43
      51
      45
      50
      64
      35
      55
      31
      44
      46
      37
      43
      51
      52
      58
      44
      46
      38
      39
      40
      47
      44
      57
      50
      57
      32
      42
      39
      45
      48
      45
      49
      51
      52
      49
      43
      54
      52
      45
      43
      44
      40
      50
      36
      43
      45
      41
      48
      42
      37
      39
      44
      49
      42
      49
      40
      52
      42
      52
      38
      41
      41
      46
      35
      53
      48
      47
      45
      51
      53
      52
      39
      40
      43
      51
      38
      42
      37
      39
      37
      54
      41
      53
      51
      41
      52
      43
      42
      26
      51
      42
      43
      52
      47
      41
      30
      35
      41
      52
      40
      51
      39
      46
      43
      34
      41
      39
      39
      33
      46
      37
      41
      36
      35
      36
      29
      22
      30
      34
      29
      36
      29
      40
      36
      47
      37
      38
      35
      36
      31
      30
      28
      29
      44
      33
      36
      34
      27
      39
      40
      27
      30
      26
      38
      32
      29
      27
      27
      30
      33
      33
      26
      36
      17
      33
      23
      32
      38
      42
      26
      30
      32
      31
      26
      32
      22
      25
      21
      35
      39
      25
      36
      30
      25
      31
      34
      30
      37
      29
      37
      30
      29
      28
      37
      25
      38
      30
      28
      35
      29
      28
      34
      33
      34
      38
      29
      30
      26
      30
      30
      31
      36
      30
      29
      32
      35
      16
      42
      22
      25
      31
      35
      36
      27
      17
      32
      27
      33
      23
      37
      20
      26
      34
      24
      18
      31
      20
      29
      29
      22
      25
      27
      24
      25
      28
      33
      22
      22
      24
      26
      31
      22
      30
      26
      24
      29
      29
      30
      29
      22
      27
      16
      34
      24
      17
      23
      34
      20
      35
      30
      23
      27
      21
      21
      21
      24
      28
      26
      21
      27
      27
      20
      30
      25
      27
      22
      26
      26
      14
      20
      26
      26
      20
      26
      22
      28
      20
      28
      18
      23
      26
      22
      19
      28
      25
      16
      20
      20
      26
      20
      24
      25
      20
      24
      19
      21
      22
      16
      24
      25
      31
      20
      17
      31
      19
      20
      27
      23
      30
      21
      27
      14
      22
      24
      23
      25
      21
      18
      30
      14
      24
      23
      22
      22
      24
      21
      23
      17
      20
      18
      25
      14
      27
      26
      19
      28
      28
      23
      24
      29
      20
      27
      21
      28
      27
      22
      26
      19
      21
      26
      18
      31
      25
      29
      22
      31
      24
      20
      20
      21
      19
      24
      24
      29
      21
      16
      13
      27
      26
      13
      24
      24
      23
      28
      21
      23
      18
      20
      18
      23
      21
      18
      25
      21
      27
      19
      23
      25
      24
      18
      22
      30
      29
      17
      22
      26
      27
      22
      18
      31
      18
      16
      18
      24
      22
      24
      13
      12
      23
      16
      21
      24
      18
      29
      25
      24
      19
      30
      21
      24
      17
      14
      28
      27
      14
      30
      25
      27
      28
      16
      24
      20
      23
      20
      23
      18
      24
      17
      21
      20
      13
      23
      22
      23
      27
      28
      13
      14
      18
      13
      23
      23
      17
      12
      28
      21
      16
      15
      27
      25
      24
      21
      16
      19
      16
      23
      19
      23
      25
      32
      23
      22
      12
      19
      12
      20
      20
      21
      17
      15
      11
      26
      27
      13
      26
      16
      17
      19
      21
      26
      25
      21
      29
      16
      14
      19
      18
      17
      21
      21
      22
      20
      21
      25
      17
      15
      23
      26
      17
      20
      27
      14
      15
      22
      24
      16
      19
      19
      15
      20
      13
      16
      22
      27
      18
      21
      17
      27
      14
      12
      20
      19
      23
      13
      22
      15
      11
      22
      18
      22
      19
      26
      16
      10
      18
      17
      12
      17
      19
      11
      20
      26
      17
      12
      22
      22
      16
      22
      21
      19
      23
      23
      16
      23
      12
      24
      18
      21
      15
       8
      17
      13
      14
      17
      15
      21
      23
      18
      14
      15
      12
      19
      17
      14
      16
      22
      15
      16
      15
      21
      23
      17
      15
      19
      12
      13
      23
      11
      15
      17
      15
       8
      14
      20
       7
      15
      19
      13
      18
      25
       6
      19
      17
      15
      19
      20
      21
      16
      15
      23
      18
      20
      16
      15
      14
      22
      22
      17
      14
      17
      12
      13
      14
      10
      17
      19
      20
      20
      16
      13
      15
      17
      22
      22
      16
      19
       8
      16
      13
      17
      17
      21
      11
      16
      16
      15
       8
      20
       8
      17
      16
      20
      19
      15
      13
      15
      14
      15
       8
      21
       9
      19
      15
      13
      20
      21
      15
      22
      15
      15
      18
      14
       7
      15
       3
      14
      11
      15
      18
      22
      13
      11
      15
      18
      16
      12
      22
      14
      13
      16
      11
      15
      18
       7
      16
      12
      12
       5
      25
      16
      13
       8
      13
      15
      18
      14
      10
      18
      10
      22
      14
       9
      15
      16
      16
       9
      17
      14
      15
      20
      20
      15
      16
      11
      20
      12
      20
      11
       9
      14
      15
      16
      14
      21
       9
      19
      10
      19
      16
       6
      14
      12
      14
      12
       8
      19
      13
      13
      14
      13
      14
      14
      12
      11
      17
       9
      16
      11
      12
       9
      13
      13
      16
      13
      13
      11
       7
       8
      17
      11
      11
      14
      13
      14
      13
      11
      14
      10
      21
       4
      14
       8
      16
      13
      14
      16
      18
      19
      15
      12
      13
      16
      15
       4
      11
      16
      19
       6
      13
      13
      12
       9
      11
      17
      10
      13
      10
       9
      14
       4
       8
      14
      16
      15
       7
       8
      15
      19
      12
       9
       8
      15
       9
       9
      12
       9
       5
       5
      15
      13
      16
       9
      13
       7
       8
      17
       6
      13
      12
       9
      11
      10
      10
      13
       9
       8
      10
      16
      12
      17
       8
      20
       9
       8
       7
       7
      14
      13
       8
      17
       9
      11
      11
      13
       7
      10
       6
      12
       8
       9
      10
       9
       3
      14
       6
       8
       8
       9
      13
       9
       9
       8
       5
      10
       4
       6
      15
       7
       8
      10
       5
       8
       9
      10
       6
       2
       9
       8
       8
      11
      13
      13
      12
       6
       4
       7
      10
       6
       7
       5
       7
       7
      11
      11
      11
      10
       9
      14
       9
       9
       3
       6
       5
       9
       8
       9
      16
       5
       8
      12
       4
       9
       7
       7
      16
       7
       7
       7
      12
       8
       7
       7
       7
      11
       9
       5
       9
       7
      13
       7
       6
      11
       7
      16
       8
       9
       5
       8
       7
       6
      11
       4
       5
       7
      12
       7
      12
       8
       5
       8
       9
       9
       6
       6
       9
      10
      10
       5
       9
       4
      12
       5
       9
       7
       9
       5
       4
       4
       5
       6
       7
       9
      10
       5
       8
       5
       5
       7
       4
       5
       6
      10
       6
      12
       7
       3
       4
       5
       5
       6
      12
       5
       4
       8
       8
       6
      11
       5
       5
       7
       5
      13
       6
       9
       4
       9
       4
       4
       3
       7
      13
      10
      10
       9
       9
       9
      10
       5
       4
       9
      10
       6
       8
       8
       2
       6
       5
      11
       6
       7
      11
       8
      10
      10
      12
      10
       2
       6
       7
       4
       7
       4
       8
       5
     147
     149
     137
     135
     141
     121
     149
     136
     135
     141
     146
     130
     148
     136
     143
     126
     144
     144
     131
     136
     107
     148
     131
     145
     116
     126
     130
     126
     121
     134
     109
     117
     128
     140
     124
     135
     128
     146
     131
     139
     111
     111
     136
     130
     131
     119
$ROI:
1
897 903
$PRESETS:
None
0
0
$ENER_FIT:
0.000000 0.000000
$MCA_CAL:
3
0.000000E+000 0.000000E+000 0.000000E+000
$SHAPE_CAL:
3
0.000000E+000 0.000000E+000 0.000000E+000
