$SPEC_ID:
No sample description was entered.
$SPEC_REM:
DET# 1
DETDESC# FP02 MCB 25
AP# Maestro Version 6.02
$DATE_MEA:
05/06/2010 10:07:22
$MEAS_TIM:
4937 4944
$DATA:
0 2047
       0
       0
       0
       0
       0
       0
       0
       0
       0
       0
       0
       0
       0
       0
       0
       0
       0
       0
       0
       0
       0
       0
       0
       0
       0
       0
       0
       0
       0
       0
       0
       0
       0
       0
       0
       0
       0
       0
       0
       0
       0
       0
       0
       0
       0
       0
       0
       0
       0
       0
       0
       0
       0
       0
       0
       0
       0
       0
       0
       0
       0
       0
       0
       0
       0
       0
       0
       0
       0
       0
       0
       0
       0
       0
       0
       0
       0
       0
       0
       0
       0
       0
       0
       0
       0
       0
       0
       0
       0
       0
       0
       0
       5
     574
     915
     937
     969
    1002
     964
     967
    1018
     990
    1066
    1126
    1084
    1130
    1118
    1112
    1159
    1141
    1182
    1162
    1232
    1163
    1264
    1277
    1358
    1289
    1245
    1258
    1338
    1278
    1313
    1342
    1360
    1406
    1304
    1342
    1385
    1358
    1289
    1354
    1345
    1441
    1373
    1393
    1325
    1387
    1410
    1395
    1394
    1428
    1392
    1450
    1349
    1376
    1384
    1393
    1504
    1450
    1422
    1410
    1401
    1450
    1430
    1377
    1351
    1361
    1373
    1326
    1400
    1355
    1462
    1330
    1384
    1373
    1309
    1368
    1266
    1278
    1322
    1358
    1349
    1309
    1341
    1277
    1276
    1305
    1306
    1296
    1261
    1293
    1256
    1271
    1244
    1267
    1259
    1216
    1258
    1227
    1236
    1240
    1231
    1141
    1278
    1204
    1273
    1209
    1158
    1158
    1210
    1205
    1155
    1173
    1183
    1205
    1144
    1176
    1141
    1169
    1189
    1139
    1086
    1136
    1071
    1051
    1030
    1103
    1053
    1056
    1023
    1063
    1043
    1085
    1028
    1013
    1041
     968
     974
     996
     918
     974
     967
     970
     981
    1008
     972
     932
     970
     951
     949
     888
     907
     960
     891
     920
     843
     886
     922
     956
     840
     857
     895
     802
     884
     847
     841
     855
     865
     785
     834
     756
     804
     854
     805
     787
     762
     776
     781
     780
     781
     807
     751
     731
     733
     758
     778
     729
     730
     718
     726
     736
     737
     687
     726
     722
     720
     716
     663
     655
     678
     654
     666
     644
     692
     684
     682
     599
     689
     633
     602
     637
     641
     638
     607
     587
     580
     588
     635
     604
     663
     565
     608
     589
     611
     581
     593
     545
     572
     592
     570
     534
     587
     554
     569
     557
     582
     554
     558
     553
     508
     520
     527
     492
     554
     534
     463
     542
     481
     530
     499
     505
     459
     533
     503
     503
     467
     464
     445
     462
     489
     508
     479
     509
     478
     512
     497
     480
     459
     446
     441
     478
     464
     422
     428
     426
     449
     438
     418
     453
     405
     457
     460
     404
     382
     403
     390
     367
     408
     382
     379
     424
     359
     339
     394
     432
     408
     376
     363
     372
     383
     362
     350
     361
     351
     364
     336
     374
     358
     364
     356
     367
     317
     333
     316
     351
     324
     342
     333
     331
     327
     324
     332
     337
     289
     318
     306
     306
     336
     290
     322
     321
     303
     317
     268
     298
     318
     314
     295
     292
     291
     282
     311
     282
     310
     287
     310
     288
     273
     254
     246
     269
     263
     287
     280
     280
     273
     282
     259
     263
     244
     273
     254
     253
     266
     279
     251
     242
     246
     268
     232
     234
     258
     255
     247
     216
     228
     211
     235
     231
     248
     208
     234
     228
     235
     216
     233
     217
     217
     233
     209
     215
     229
     224
     211
     208
     181
     226
     199
     223
     206
     239
     230
     188
     233
     214
     205
     244
     215
     234
     194
     193
     196
     177
     197
     211
     205
     169
     197
     193
     200
     208
     200
     201
     209
     196
     187
     168
     176
     195
     179
     192
     190
     183
     192
     189
     177
     184
     171
     174
     170
     154
     177
     171
     183
     200
     191
     149
     165
     161
     170
     155
     184
     167
     172
     171
     154
     158
     177
     176
     145
     145
     148
     169
     154
     159
     157
     144
     172
     146
     147
     177
     150
     139
     156
     146
     143
     158
     163
     142
     145
     133
     129
     130
     138
     144
     138
     119
     117
     123
     138
     151
     147
     136
     149
     145
     131
     141
     134
     112
     144
     115
     110
     140
     133
     123
     131
     102
     135
     132
     143
     119
     117
     129
     100
     116
     111
     112
     139
     111
     143
     112
     111
     130
     130
     126
      96
     106
     135
     110
     117
     103
     113
     110
     114
     104
     109
      96
     113
     122
      93
     117
     119
     118
      99
      97
     114
      97
     113
      97
     108
     117
     101
      94
     101
     102
      89
     109
     107
      90
     107
     101
      86
      85
     106
      99
     100
      85
     100
      93
      96
     111
     106
      83
      99
      85
      80
      93
      82
      96
      92
      98
      82
      85
      84
      96
      74
      96
      79
     103
      80
      80
      92
      95
     107
      86
      85
     104
      69
      91
      82
      91
      87
      75
     103
      63
      79
      92
      88
      73
      86
      88
      76
      64
      73
      78
      91
      75
     100
      92
      73
      78
      73
      76
      69
      77
      79
      77
      88
      90
      80
      83
      70
      77
      74
      84
      78
      79
      93
      75
      87
      83
      66
      80
      77
      84
      67
      74
      67
      73
      70
      79
      93
      55
      67
      84
      78
      74
      83
      70
      68
      84
      76
      77
      60
      71
      85
      72
      55
      76
      65
      59
      73
      59
      74
      62
      73
      82
      70
      67
      69
      63
      61
      67
      81
      85
      57
      62
      73
      68
     100
      76
      64
      66
      78
      77
      63
      70
      54
      50
      73
      56
      75
      58
      67
      78
      81
      55
      78
      57
      71
      71
      84
      66
      60
      74
      71
      78
      63
      59
      66
      55
      73
      64
      66
      70
      55
      64
      70
      62
      70
      72
      61
      62
      60
      45
      65
      59
      67
      67
      64
      58
      71
      54
      68
      55
      58
      54
      58
      67
      55
      63
      60
      68
      63
      65
      71
      52
      64
      65
      63
      56
      72
      66
      72
      53
      61
      74
      72
      71
      67
      61
      58
      70
      62
      68
      54
      47
      61
      51
      81
      53
      60
      68
      49
      74
      60
      62
      64
      54
      59
      64
      55
      62
      60
      60
      58
      65
      71
      59
      64
      63
      64
      70
      56
      55
      72
      46
      55
      58
      69
      67
      60
      64
      57
      54
      61
      58
      62
      66
      62
      62
      55
      56
      46
      49
      67
      54
      55
      64
      59
      59
      77
      47
      58
      45
      54
      55
      51
      60
      62
      62
      68
      51
      58
      49
      48
      50
      59
      55
      67
      60
      69
      41
      50
      50
      58
      58
      53
      59
      62
      60
      61
      58
      66
      60
      55
      55
      53
      47
      63
      47
      50
      57
      48
      60
      57
      54
      43
      50
      55
      52
      59
      54
      60
      54
      58
      47
      47
      52
      54
      44
      59
      55
      63
      53
      58
      65
      60
      47
      48
      55
      56
      52
      52
      51
      49
      42
      62
      48
      60
      61
      54
      61
      50
      51
      41
      64
      51
      49
      59
      60
      57
      34
      44
      50
      62
      53
      63
      51
      60
      57
      41
      48
      50
      45
      37
      54
      45
      47
      46
      41
      48
      37
      31
      38
      41
      35
      49
      39
      50
      51
      55
      44
      48
      40
      44
      45
      35
      35
      34
      53
      54
      44
      43
      38
      47
      45
      33
      37
      32
      44
      38
      34
      32
      34
      35
      42
      41
      33
      46
      29
      39
      30
      38
      49
      50
      31
      42
      39
      37
      33
      41
      36
      31
      29
      46
      48
      35
      37
      39
      38
      43
      43
      39
      43
      35
      43
      35
      36
      36
      42
      38
      49
      34
      34
      44
      33
      33
      37
      36
      42
      45
      34
      36
      32
      39
      37
      37
      41
      38
      34
      38
      47
      29
      50
      26
      30
      42
      43
      41
      34
      23
      37
      37
      39
      26
      41
      29
      35
      44
      32
      23
      37
      29
      37
      37
      28
      32
      31
      28
      32
      35
      39
      28
      31
      27
      31
      48
      27
      36
      31
      27
      32
      31
      39
      32
      27
      36
      24
      40
      33
      21
      28
      35
      24
      41
      41
      28
      31
      29
      25
      25
      29
      33
      31
      25
      32
      32
      27
      38
      33
      30
      26
      33
      33
      20
      24
      32
      29
      27
      29
      26
      32
      29
      34
      25
      27
      31
      28
      24
      36
      29
      20
      25
      25
      29
      25
      29
      33
      23
      28
      24
      26
      27
      20
      31
      29
      40
      24
      22
      35
      25
      24
      34
      30
      38
      29
      37
      20
      28
      31
      31
      33
      29
      21
      36
      23
      32
      29
      26
      26
      28
      27
      34
      26
      24
      23
      28
      18
      33
      37
      22
      36
      36
      29
      31
      36
      23
      32
      28
      36
      31
      26
      31
      26
      26
      32
      22
      33
      30
      37
      26
      39
      28
      28
      26
      27
      22
      28
      26
      34
      28
      22
      16
      39
      34
      20
      31
      29
      24
      31
      24
      27
      24
      22
      23
      32
      31
      25
      33
      27
      32
      23
      31
      29
      31
      21
      26
      37
      36
      20
      29
      31
      31
      31
      25
      35
      30
      21
      24
      27
      28
      29
      19
      17
      29
      22
      26
      28
      25
      37
      30
      27
      20
      39
      25
      31
      24
      21
      36
      30
      20
      35
      31
      29
      33
      21
      31
      29
      28
      28
      27
      26
      32
      26
      27
      21
      20
      27
      28
      24
      30
      34
      19
      19
      26
      20
      30
      32
      22
      14
      34
      27
      23
      22
      28
      31
      28
      23
      22
      23
      19
      26
      26
      27
      26
      38
      30
      25
      15
      22
      18
      23
      27
      25
      24
      22
      17
      28
      30
      18
      29
      20
      20
      25
      29
      31
      30
      25
      36
      18
      19
      25
      22
      21
      23
      25
      26
      21
      27
      29
      24
      18
      27
      32
      23
      23
      32
      19
      20
      24
      33
      18
      26
      25
      21
      24
      16
      21
      29
      31
      25
      26
      19
      27
      17
      17
      21
      21
      28
      22
      25
      23
      18
      26
      21
      27
      24
      33
      20
      18
      20
      28
      20
      20
      22
      13
      22
      28
      20
      14
      26
      26
      19
      29
      24
      24
      29
      25
      23
      28
      17
      28
      19
      30
      23
      11
      21
      16
      17
      23
      20
      24
      26
      26
      17
      17
      17
      25
      21
      21
      24
      28
      17
      21
      20
      26
      27
      17
      17
      23
      19
      17
      31
      13
      17
      19
      20
      13
      18
      22
      12
      18
      23
      17
      25
      31
      12
      24
      20
      22
      23
      25
      25
      20
      16
      28
      23
      23
      19
      22
      15
      26
      25
      22
      16
      21
      15
      16
      16
      17
      18
      23
      24
      24
      21
      18
      19
      22
      31
      29
      18
      25
      12
      21
      18
      24
      20
      24
      15
      18
      18
      15
      15
      26
      13
      21
      18
      23
      20
      20
      15
      19
      20
      18
      12
      24
      14
      23
      18
      17
      25
      25
      16
      26
      16
      17
      20
      17
       9
      23
       7
      17
      11
      19
      20
      24
      18
      15
      18
      20
      20
      14
      23
      18
      15
      19
      15
      20
      22
       8
      17
      14
      17
       9
      29
      18
      15
      11
      15
      18
      22
      16
      11
      19
      15
      25
      18
      10
      17
      20
      17
      13
      20
      18
      17
      21
      22
      22
      20
      12
      22
      16
      26
      12
      12
      15
      19
      16
      22
      27
      13
      23
      13
      24
      19
      12
      18
      16
      16
      16
      11
      20
      16
      16
      16
      15
      17
      18
      13
      13
      19
      12
      21
      12
      18
      13
      14
      19
      17
      15
      16
      15
      12
      11
      18
      14
      14
      15
      16
      16
      19
      13
      15
      12
      25
       8
      18
       9
      20
      13
      17
      19
      23
      24
      18
      14
      16
      18
      19
       4
      11
      19
      23
       7
      15
      20
      15
      14
      11
      18
      14
      16
      12
      12
      17
       8
      13
      16
      20
      16
      11
      11
      16
      22
      18
      10
      16
      18
      12
       9
      16
      11
       9
       6
      18
      16
      20
      11
      17
      11
      10
      19
       8
      16
      13
      11
      14
      11
      13
      15
      13
      14
      12
      17
      14
      18
       8
      21
      11
       9
      10
       8
      16
      15
       8
      17
      12
      12
      11
      15
      11
      11
      14
      16
      15
      10
      10
      14
       5
      17
       7
      10
      11
      11
      15
      10
      10
       8
       6
      14
       8
       7
      16
      10
      12
      10
       7
      10
      11
      13
      10
       4
       9
       9
       9
      11
      17
      17
      14
       8
       8
       8
      11
       7
      10
       7
       9
      13
      11
      13
      15
      11
      11
      15
       9
      11
       6
       7
       9
      10
      13
      10
      19
       7
       9
      14
       7
      12
      11
       9
      19
       7
      10
       8
      20
       9
      10
       9
       9
      15
      10
       7
      14
       8
      13
       9
       8
      13
       8
      18
      11
      10
       6
       8
       9
       9
      13
       5
       8
       9
      16
       9
      15
       9
       6
       8
       9
      11
       8
       7
      10
      11
      11
       5
      10
       8
      15
       9
      11
       8
      10
       5
       6
       7
       5
       6
       7
      12
      11
       5
      10
       5
       6
       9
       8
       6
       8
      13
       6
      14
       8
       5
       5
      10
       7
       8
      13
       6
       6
       8
      13
       8
      13
       5
       6
       9
       7
      15
       7
      10
       5
      11
       5
       8
       3
       9
      13
      10
      13
       9
      10
      10
      11
       6
       5
      10
      11
       7
      12
       8
       8
       8
       9
      11
      10
       8
      11
       8
      12
      13
      15
      12
       4
       7
       9
       7
      10
       7
      11
       9
     180
     188
     167
     173
     185
     160
     189
     179
     166
     184
     169
     168
     171
     162
     174
     161
     177
     172
     167
     169
     152
     177
     171
     183
     151
     160
     158
     151
     151
     174
     146
     149
     160
     172
     153
     167
     159
     171
     171
     172
     133
     147
     159
     161
     172
     160
$ROI:
1
897 903
$PRESETS:
None
0
0
$ENER_FIT:
0.000000 0.000000
$MCA_CAL:
3
0.000000E+000 0.000000E+000 0.000000E+000
$SHAPE_CAL:
3
0.000000E+000 0.000000E+000 0.000000E+000
