$SPEC_ID:
No sample description was entered.
$SPEC_REM:
DET# 1
DETDESC# FP02 MCB 25
AP# Maestro Version 6.02
$DATE_MEA:
06/01/2010 16:36:36
$MEAS_TIM:
150523 150523
$DATA:
0 2047
       0
       0
       0
       0
       0
       0
       0
       0
       0
       3
       2
       0
       1
       2
       2
       1
       1
       0
       0
       0
       0
       0
       0
       1
       0
       0
       0
       1
       0
       0
       0
       0
       0
       0
       0
       0
       0
       0
       0
       0
       0
       0
       0
       0
       1
       0
       0
       0
       0
       0
       0
       0
       0
       0
       0
       0
       0
       0
       0
       0
       0
       0
       0
       0
       0
       0
       0
       0
       0
       0
       0
       0
       0
       0
       0
       0
       0
       0
       0
       0
       0
       0
       0
       0
       0
       0
       0
       0
       0
       0
       0
       0
       0
       0
       0
       0
       0
       0
       0
       0
       0
       0
       0
       0
       0
       0
       0
       1
       0
       0
       0
       0
       0
       1
       0
       0
       0
       0
       0
       0
       0
       0
       0
       0
       0
       0
       0
       0
       0
       0
       0
       0
       0
       0
       0
       0
       0
       0
       0
       0
       0
       0
       0
       0
       0
       0
       0
       0
       0
       0
       0
       0
       0
       0
       0
       0
       0
       0
       0
       0
       0
       0
       0
       0
       0
       0
       0
       0
       0
       0
       0
       0
       0
       0
       0
       0
       1
       0
       0
       0
       0
       0
       0
       0
       0
       0
       0
       0
       0
       0
       0
       0
       0
       0
       0
       0
       0
       0
       0
       0
       0
       0
       0
       0
       0
       0
       0
       0
       0
       0
       0
       0
       0
       0
       0
       0
       0
       0
       0
       0
       0
       0
       0
       0
       0
       0
       0
       0
       0
       0
       0
       0
       0
       0
       0
       0
       0
       0
       0
       0
       0
       0
       0
       0
       0
       0
       0
       0
       0
       0
       0
       0
       0
       0
       0
       0
       0
       0
       0
       0
       0
       0
       0
       0
       0
       0
       0
       0
       0
       0
       0
       0
       0
       0
       0
       0
       0
       0
       0
       0
       0
       0
       0
       0
       0
       0
       0
       0
       0
       0
       0
       0
       0
       0
       0
       0
       0
       0
       0
       0
       0
       0
       0
       0
       0
       0
       0
       0
       0
       0
       0
       0
       0
       0
       0
       0
       1
       0
       0
       0
       0
       0
       0
       0
       0
       0
       0
       0
       0
       0
       0
       0
       0
       0
       0
       0
       0
       0
       0
       0
       0
       0
       0
       0
       0
       0
       0
       0
       0
       0
       0
       0
       0
       0
       0
       0
       0
       0
       0
       0
       0
       0
       0
       1
       0
       0
       0
       0
       0
       0
       0
       0
       0
       0
       0
       0
       0
       0
       0
       0
       0
       0
       0
       0
       0
       0
       0
       0
       0
       0
       0
       0
       0
       0
       0
       0
       0
       0
       0
       0
       0
       0
       0
       0
       0
       0
       0
       0
       0
       0
       0
       0
       0
       0
       0
       0
       0
       0
       0
       1
       1
       0
       0
       5
       4
       4
       4
       9
       6
      10
      22
      34
      50
      48
      59
      43
      48
      45
      39
      41
      47
      60
      50
      44
      37
      40
      42
      38
      29
      34
      39
      48
      37
      35
      50
      43
      39
      38
      39
      46
      56
      26
      50
      37
      41
      42
      41
      38
      40
      35
      31
      31
      27
      37
      39
      32
      32
      53
      42
      38
      38
      28
      44
      32
      35
      27
      35
      43
      34
      42
      37
      28
      44
      39
      30
      28
      28
      31
      30
      28
      24
      30
      36
      34
      33
      28
      38
      31
      29
      32
      36
      29
      46
      21
      21
      25
      29
      41
      23
      26
      33
      28
      34
      18
      32
      29
      32
      19
      31
      27
      24
      27
      28
      16
      28
      20
      31
      29
      21
      27
      28
      23
      26
      23
      25
      25
      20
      32
      29
      17
      23
      27
      28
      23
      30
      22
      23
      26
      24
      18
      21
      25
      28
      27
      25
      23
      24
      19
      32
      25
      29
      25
      31
      17
      18
      22
      24
      29
      17
      26
      34
      25
      14
      18
      23
      23
      23
      29
      26
      33
      17
      23
      18
      23
      25
      21
      22
      16
      14
      19
      22
      22
      22
      27
      16
      32
      16
      20
      18
      20
      20
      15
      23
      14
      19
      21
      18
      31
      21
      16
      19
      26
      25
      19
      23
      15
      23
      17
      21
      20
      15
      21
      27
      23
      18
      16
      20
      18
      24
      28
      16
      22
      23
      21
      25
      16
      17
      13
      22
      20
      18
      16
      20
      17
      20
      12
      21
      24
      19
      22
      11
      23
      18
      14
      18
      25
      19
      18
      18
      19
      15
      22
      21
      13
      21
      11
      22
      19
      12
      20
      20
      14
      17
      13
      19
      14
      11
      15
      16
      20
      18
      30
      24
      21
      12
      11
      20
      14
      15
      14
      21
      18
      18
      19
      20
      19
      18
      17
      23
      14
      18
      19
      14
      13
       9
      17
      15
      23
      14
      18
      21
      23
      12
      13
      25
      16
      22
      17
      16
      24
      11
      21
      18
      21
      13
      10
      11
      10
      21
      12
       8
      19
      17
      20
      17
      14
      16
      20
       8
      10
      15
      15
      23
      13
      18
      13
      15
      16
      12
      12
      13
      17
      19
      13
      15
      15
      13
      16
      17
      12
      16
      12
      20
      16
       9
      18
      21
      11
      11
      12
      14
      16
      17
      15
      13
      12
      17
      14
      14
      21
      14
      16
      15
      21
      14
       7
      12
      18
      11
      11
      11
       6
      16
      13
      11
      11
      17
      11
      13
      15
      11
      10
       9
      14
      12
       8
      11
      11
       8
       7
      13
      16
       9
      16
      14
      14
       8
      17
       9
      10
      13
      10
      13
       8
      16
      14
       9
       7
      14
      14
      17
      14
      16
      17
      17
      10
      11
      16
       9
      10
      17
      13
       6
      10
      14
      14
      15
      11
       8
      12
      19
      12
      13
      13
      11
      16
      13
      11
       9
      14
      14
       7
       8
      17
       7
      13
      10
       6
      11
       9
       5
      15
      10
      12
      12
      13
      11
      12
       6
       9
      13
      12
      14
       9
      13
      11
       5
       9
      18
      13
       7
      16
      17
      10
       6
      15
      11
      10
      11
       9
      11
      11
       6
      11
       7
       7
       9
      12
      11
      11
       6
       7
       9
      12
      14
      15
      11
      11
       8
      17
      10
      11
      17
      10
       6
       7
      11
      10
       9
      14
      13
       9
      14
       7
      19
       9
      19
      10
       8
      15
      11
      10
      11
       5
       8
      10
      16
       8
       7
       7
      15
       7
       8
      11
      16
      15
      13
       9
       6
       8
       6
      17
      11
      11
       9
      11
      10
       9
      15
      14
      12
      12
      10
       8
      12
       2
       7
      14
      11
       4
       7
      12
      12
      10
      11
      15
      13
      13
      16
      12
      14
       8
       4
      11
       8
      12
      13
       7
       8
       7
      12
      10
       7
      11
      10
      11
       6
      11
      11
       5
      11
      10
      13
       6
      15
       7
      12
       7
       8
      11
       8
      11
      13
      11
      11
       6
       7
       9
       6
      10
      12
       8
       8
      11
      12
      11
       9
      11
      11
       9
      11
      11
       9
       6
       3
      10
       8
       5
      11
       6
       8
       6
      14
      14
       6
       6
       8
       9
       8
       7
       8
      13
      11
      11
      15
       5
      16
      10
       6
       8
       7
      17
       5
       6
       6
       4
      14
       5
       8
      11
       9
      11
       3
       9
       6
       6
       7
      14
       8
       5
      10
      11
       7
       8
       8
       9
      13
       7
       9
       6
       6
       7
      12
       6
      15
      11
       9
       9
      10
      10
       8
      13
       8
      12
      10
       9
       9
      15
      11
      13
      12
       9
      13
      13
      10
       9
       9
      12
       4
       8
       5
      10
       5
       2
       9
      13
      10
       9
      11
      10
       7
       9
       6
       6
      14
       6
       7
       4
       7
      12
      10
       9
       6
       8
       7
      10
      12
      11
       3
       7
       5
       9
       7
      15
       6
       9
       7
       6
       4
       5
       9
       4
       4
       9
       6
      15
       8
       8
       6
      12
      11
       8
       9
      11
       4
      11
       7
       5
      11
       5
       6
      15
       5
      11
      10
       6
       7
      10
      10
      11
       9
       8
      17
      10
      13
      14
       5
       5
       5
       8
      15
       6
      13
       8
       7
       7
       8
      10
      14
       5
       7
       8
       8
      12
       6
      11
      11
       5
       7
       9
      10
       8
       9
      11
       5
       5
      11
       6
       3
      14
      10
      14
       5
       9
      11
       8
       7
       5
      11
      13
       7
       8
       8
      10
       8
       7
       4
       9
       5
       7
       7
       9
       6
       9
       7
       6
      11
       8
      12
       8
       8
       7
       5
      12
       8
       8
       9
       8
      11
      10
       8
      11
      10
      11
      15
      11
       5
       6
       4
       3
       5
       8
       5
       5
       8
       6
       7
      11
       6
      11
       7
       6
      11
       7
      11
       9
       9
       7
       5
      11
       2
       4
       4
      11
       7
       3
       7
       5
      14
       9
      12
       5
       7
      10
       6
       4
      10
       8
       6
       8
       6
       9
      10
       7
       9
       7
       6
       8
       5
       9
       6
       8
       3
       7
       5
      12
       7
      10
      10
       4
      11
      10
       3
       1
       9
      10
       6
       4
       5
       6
       8
       4
       7
       7
       9
       7
       4
       4
       7
       9
       6
       6
      10
      11
       5
       6
       5
       8
      10
      11
       6
       8
       2
       8
       5
       7
      11
       2
       5
       3
      10
       8
       8
       8
       4
       7
      11
       8
       6
       6
       7
       5
       7
       7
       5
      11
       7
      12
       3
       6
       7
       9
      11
       8
      10
       7
      10
       6
       8
      10
       4
       5
       7
       6
       5
       2
       8
       8
       6
       7
       5
      13
       6
       9
       8
       4
       8
      10
       3
       6
       2
       2
       4
       9
      12
       9
       5
       8
       5
       5
       8
       8
       6
       8
      11
       6
       8
       4
       5
      12
       6
       5
      11
       4
       9
       5
      10
       6
       4
      12
       9
       4
       7
       5
       6
       9
       9
       7
       6
       6
       5
      11
       6
       5
       5
       5
       3
       8
       7
       7
      12
       4
       5
       3
       6
       7
       9
       6
      10
       6
       4
       8
      11
       4
       3
       4
       8
       5
       4
       7
      11
       9
       4
       5
       8
       8
      12
       7
       6
       5
       5
       8
       4
       8
       5
       5
       7
       3
       8
       3
       7
       7
       6
       8
       9
      11
       6
       8
       5
       6
       6
       9
       6
       4
       6
       7
       9
       6
       2
      13
       8
       5
       8
       8
       9
       6
      12
       7
       5
       7
       6
       8
       7
       5
       5
       5
       6
       6
       2
      10
       6
       3
       9
       7
       5
       8
       7
       8
       2
       6
       4
       4
       7
       4
       8
       8
       7
       9
       8
       6
       6
       6
       3
      10
       8
       4
       5
       1
       7
       4
       9
      10
       6
       8
       6
      13
       6
       4
       4
       5
       7
       7
       9
       8
       7
       8
       7
       5
       3
       4
       8
       7
      10
       7
       5
       9
      12
       9
       6
       7
       8
       6
       9
       4
       8
       4
       3
       6
       1
       5
       8
       4
       5
       4
      14
       2
      10
       8
       2
      10
       2
       4
       7
       7
       7
       6
       6
       7
       5
      18
      10
       5
      13
       6
       4
       6
       1
       7
       5
       6
       5
       5
       3
       7
       6
       3
      10
       6
       9
       7
       8
       7
       4
       4
       7
       5
       9
       8
       5
       6
       7
       2
       6
       7
       5
       6
       7
       9
       4
      10
       5
       9
       8
       9
       6
       8
       3
       5
       6
       8
       4
      11
       4
       6
      13
       5
       9
       6
       4
       8
       3
       4
       5
       5
       6
       3
       4
      10
       5
      10
       4
       8
       5
       2
       5
       9
       6
       3
       7
       8
       6
       3
       3
       7
       4
       4
       6
       3
      10
      10
      11
       4
       5
       5
       8
       7
       5
       8
       7
       3
       3
       9
       3
      10
       5
       3
       5
       9
       9
       5
       2
       3
       5
       8
       3
       5
       5
      11
       5
       8
       6
      10
       8
       6
      11
       8
       5
       7
       5
      10
       3
       9
       5
       2
       4
       8
       7
       6
       3
       4
       4
      11
      11
       6
      13
       3
       1
       4
       4
       7
       3
       9
       7
      10
       4
       2
       7
       8
       9
      14
       6
       5
       5
       7
       4
       5
       5
       6
       2
       7
       6
       7
       3
       2
       8
       4
       7
       6
       7
       9
       7
       4
      13
       8
       8
       9
       7
       7
       8
       4
       4
       7
       5
       5
      10
      12
       7
       6
       9
       6
       4
       9
       9
       5
       4
       4
       1
       7
       8
       4
       6
       7
       3
       6
       7
      12
       6
       5
       8
       7
       4
       3
       8
       6
       9
       5
       7
       6
       5
       4
       9
      12
       6
       2
       4
       7
       3
       4
       6
       8
       5
       3
       9
      10
       7
       6
      10
       9
       7
       8
       4
       9
       8
       8
       4
       5
      10
       7
       4
       3
       7
       7
       5
       6
       6
       6
       5
       6
      10
       3
       5
      11
       5
       7
       4
       6
       9
       6
       6
       3
       4
       5
       7
       6
       4
       5
       6
       1
       6
       7
       5
       4
       4
       9
       2
      10
       7
       6
       8
      11
       6
       1
       5
       4
       6
       5
       8
       4
       3
       7
       5
       6
       4
       5
       8
       5
       4
       9
       5
       7
       6
      10
       7
       4
       3
       7
       5
       7
       6
      11
       5
       6
      12
      15
      10
      17
       3
       6
      11
       8
      10
       6
       5
       3
       3
      10
       7
       5
       7
       7
       8
       1
       5
       5
       6
       8
       4
       3
       3
       3
       2
       2
       4
       0
       2
       1
       0
       0
       0
       0
       0
       0
       0
       0
       0
       0
       0
       0
$ROI:
0
$PRESETS:
None
0
0
$ENER_FIT:
0.000000 1.000000
$MCA_CAL:
3
0.000000E+000 1.000000E+000 0.000000E+000
$SHAPE_CAL:
3
1.154789E+000 0.000000E+000 0.000000E+000
