    6.9991E-01   -1.9779E-01   -4.8265E-03    1.9734E-01   -1.4701E-02   -3.0791E+00
    6.9393E-01   -1.9637E-01   -4.7156E-03    1.9594E-01   -1.4617E-02   -3.0790E+00
    6.8781E-01   -1.9503E-01   -4.6242E-03    1.9458E-01   -1.4530E-02   -3.0791E+00
    6.8159E-01   -1.9365E-01   -4.5132E-03    1.9322E-01   -1.4440E-02   -3.0790E+00
    6.7443E-01   -1.9231E-01   -4.4197E-03    1.9189E-01   -1.4360E-02   -3.0790E+00
    6.6930E-01   -1.9098E-01   -4.3261E-03    1.9058E-01   -1.4282E-02   -3.0790E+00
    6.6327E-01   -1.8970E-01   -4.2348E-03    1.8931E-01   -1.4205E-02   -3.0790E+00
    6.5732E-01   -1.8847E-01   -4.1651E-03    1.8808E-01   -1.4129E-02   -3.0791E+00
    6.5114E-01   -1.8726E-01   -4.0564E-03    1.8689E-01   -1.4060E-02   -3.0790E+00
    6.4496E-01   -1.8605E-01   -3.9650E-03    1.8568E-01   -1.3990E-02   -3.0790E+00
    6.4016E-01   -1.8493E-01   -3.8867E-03    1.8460E-01   -1.3927E-02   -3.0790E+00
    6.3395E-01   -1.8386E-01   -3.8084E-03    1.8353E-01   -1.3857E-02   -3.0790E+00
    6.2905E-01   -1.8283E-01   -3.7257E-03    1.8251E-01   -1.3799E-02   -3.0790E+00
    6.2413E-01   -1.8185E-01   -3.6604E-03    1.8153E-01   -1.3740E-02   -3.0790E+00
    6.1936E-01   -1.8090E-01   -3.5930E-03    1.8061E-01   -1.3679E-02   -3.0791E+00
    6.1581E-01   -1.8001E-01   -3.5234E-03    1.7973E-01   -1.3631E-02   -3.0791E+00
    6.1226E-01   -1.7918E-01   -3.4537E-03    1.7889E-01   -1.3579E-02   -3.0791E+00
    6.0731E-01   -1.7834E-01   -3.3841E-03    1.7811E-01   -1.3538E-02   -3.0790E+00
    6.0309E-01   -1.7761E-01   -3.3319E-03    1.7738E-01   -1.3492E-02   -3.0790E+00
    6.0008E-01   -1.7689E-01   -3.2797E-03    1.7668E-01   -1.3444E-02   -3.0790E+00
    5.9517E-01   -1.7624E-01   -3.2253E-03    1.7602E-01   -1.3416E-02   -3.0790E+00
    5.9155E-01   -1.7562E-01   -3.1709E-03    1.7541E-01   -1.3374E-02   -3.0790E+00
    5.8908E-01   -1.7501E-01   -3.1274E-03    1.7484E-01   -1.3344E-02   -3.0790E+00
    5.8403E-01   -1.7449E-01   -3.0926E-03    1.7430E-01   -1.3307E-02   -3.0790E+00
    5.8287E-01   -1.7395E-01   -3.0338E-03    1.7378E-01   -1.3279E-02   -3.0790E+00
    5.7936E-01   -1.7347E-01   -3.0012E-03    1.7332E-01   -1.3253E-02   -3.0791E+00
    5.7685E-01   -1.7301E-01   -2.9642E-03    1.7288E-01   -1.3222E-02   -3.0791E+00
    5.7323E-01   -1.7260E-01   -2.9251E-03    1.7246E-01   -1.3207E-02   -3.0791E+00
    5.7202E-01   -1.7222E-01   -2.9011E-03    1.7209E-01   -1.3183E-02   -3.0790E+00
    5.6901E-01   -1.7185E-01   -2.8685E-03    1.7173E-01   -1.3163E-02   -3.0790E+00
    5.6704E-01   -1.7151E-01   -2.8380E-03    1.7138E-01   -1.3146E-02   -3.0790E+00
    5.6466E-01   -1.7119E-01   -2.8206E-03    1.7108E-01   -1.3126E-02   -3.0790E+00
    5.6227E-01   -1.7090E-01   -2.7858E-03    1.7080E-01   -1.3111E-02   -3.0790E+00
    5.6101E-01   -1.7063E-01   -2.7728E-03    1.7053E-01   -1.3096E-02   -3.0790E+00
    5.5984E-01   -1.7039E-01   -2.7423E-03    1.7030E-01   -1.3089E-02   -3.0790E+00
    5.5735E-01   -1.7016E-01   -2.7271E-03    1.7007E-01   -1.3072E-02   -3.0790E+00
    5.5732E-01   -1.6994E-01   -2.7097E-03    1.6986E-01   -1.3063E-02   -3.0790E+00
    5.5607E-01   -1.6974E-01   -2.6901E-03    1.6967E-01   -1.3052E-02   -3.0790E+00
    5.5363E-01   -1.6956E-01   -2.6683E-03    1.6949E-01   -1.3042E-02   -3.0790E+00
    5.5241E-01   -1.6939E-01   -2.6618E-03    1.6933E-01   -1.3033E-02   -3.0790E+00
    5.5114E-01   -1.6924E-01   -2.6379E-03    1.6916E-01   -1.3015E-02   -3.0790E+00
    5.5114E-01   -1.6910E-01   -2.6270E-03    1.6903E-01   -1.3009E-02   -3.0790E+00
    5.4993E-01   -1.6896E-01   -2.6161E-03    1.6890E-01   -1.3007E-02   -3.0790E+00
    5.4888E-01   -1.6884E-01   -2.6096E-03    1.6878E-01   -1.3005E-02   -3.0790E+00
    5.4867E-01   -1.6872E-01   -2.5987E-03    1.6867E-01   -1.2996E-02   -3.0790E+00
    5.4743E-01   -1.6862E-01   -2.5879E-03    1.6858E-01   -1.2983E-02   -3.0790E+00
    5.4743E-01   -1.6853E-01   -2.5770E-03    1.6850E-01   -1.2987E-02   -3.0790E+00
    5.4619E-01   -1.6844E-01   -2.5726E-03    1.6841E-01   -1.2987E-02   -3.0790E+00
    5.4619E-01   -1.6837E-01   -2.5726E-03    1.6835E-01   -1.2987E-02   -3.0790E+00
    5.4619E-01   -1.6831E-01   -2.5639E-03    1.6829E-01   -1.2981E-02   -3.0790E+00
    5.4514E-01   -1.6826E-01   -2.5639E-03    1.6821E-01   -1.2974E-02   -3.0790E+00
    5.4515E-01   -1.6819E-01   -2.5574E-03    1.6815E-01   -1.2981E-02   -3.0790E+00
    5.4396E-01   -1.6814E-01   -2.5487E-03    1.6811E-01   -1.2976E-02   -3.0790E+00
    5.4396E-01   -1.6810E-01   -2.5509E-03    1.6808E-01   -1.2970E-02   -3.0790E+00
    5.4397E-01   -1.6806E-01   -2.5422E-03    1.6802E-01   -1.2972E-02   -3.0790E+00
    5.4396E-01   -1.6802E-01   -2.5465E-03    1.6800E-01   -1.2970E-02   -3.0790E+00
    5.4397E-01   -1.6800E-01   -2.5378E-03    1.6797E-01   -1.2967E-02   -3.0790E+00
    5.4283E-01   -1.6796E-01   -2.5356E-03    1.6795E-01   -1.2974E-02   -3.0790E+00
    5.4285E-01   -1.6795E-01   -2.5335E-03    1.6792E-01   -1.2967E-02   -3.0790E+00
    5.4283E-01   -1.6792E-01   -2.5378E-03    1.6791E-01   -1.2961E-02   -3.0790E+00
    5.4284E-01   -1.6792E-01   -2.5313E-03    1.6789E-01   -1.2957E-02   -3.0790E+00
    5.4283E-01   -1.6790E-01   -2.5269E-03    1.6789E-01   -1.2970E-02   -3.0790E+00
    5.4283E-01   -1.6789E-01   -2.5335E-03    1.6788E-01   -1.2967E-02   -3.0790E+00
    5.4284E-01   -1.6789E-01   -2.5291E-03    1.6787E-01   -1.2959E-02   -3.0790E+00
    5.4284E-01   -1.6788E-01   -2.5291E-03    1.6787E-01   -1.2963E-02   -3.0790E+00
    5.4283E-01   -1.6787E-01   -2.5291E-03    1.6786E-01   -1.2959E-02   -3.0790E+00
    5.4285E-01   -1.6787E-01   -2.5226E-03    1.6786E-01   -1.2961E-02   -3.0790E+00
    5.4283E-01   -1.6788E-01   -2.5269E-03    1.6786E-01   -1.2959E-02   -3.0790E+00
    5.4285E-01   -1.6789E-01   -2.5269E-03    1.6787E-01   -1.2961E-02   -3.0790E+00
    5.4283E-01   -1.6789E-01   -2.5291E-03    1.6788E-01   -1.2961E-02   -3.0790E+00
    5.4284E-01   -1.6789E-01   -2.5313E-03    1.6788E-01   -1.2963E-02   -3.0790E+00
    5.4283E-01   -1.6791E-01   -2.5291E-03    1.6789E-01   -1.2957E-02   -3.0790E+00
    5.4283E-01   -1.6790E-01   -2.5313E-03    1.6790E-01   -1.2965E-02   -3.0790E+00
    5.4285E-01   -1.6792E-01   -2.5335E-03    1.6791E-01   -1.2961E-02   -3.0790E+00
    5.4283E-01   -1.6793E-01   -2.5400E-03    1.6793E-01   -1.2965E-02   -3.0790E+00
    5.4284E-01   -1.6795E-01   -2.5378E-03    1.6795E-01   -1.2967E-02   -3.0790E+00
    5.4283E-01   -1.6797E-01   -2.5335E-03    1.6796E-01   -1.2965E-02   -3.0790E+00
    5.4283E-01   -1.6797E-01   -2.5335E-03    1.6797E-01   -1.2959E-02   -3.0790E+00
    5.4284E-01   -1.6799E-01   -2.5335E-03    1.6798E-01   -1.2967E-02   -3.0790E+00
    5.4284E-01   -1.6801E-01   -2.5422E-03    1.6801E-01   -1.2970E-02   -3.0790E+00
    5.4321E-01   -1.6803E-01   -2.5443E-03    1.6803E-01   -1.2970E-02   -3.0790E+00
    5.4283E-01   -1.6805E-01   -2.5443E-03    1.6805E-01   -1.2972E-02   -3.0790E+00
    5.4396E-01   -1.6806E-01   -2.5509E-03    1.6806E-01   -1.2974E-02   -3.0790E+00
    5.4395E-01   -1.6808E-01   -2.5596E-03    1.6808E-01   -1.2978E-02   -3.0790E+00
    5.4396E-01   -1.6811E-01   -2.5509E-03    1.6811E-01   -1.2978E-02   -3.0790E+00
    5.4395E-01   -1.6813E-01   -2.5530E-03    1.6812E-01   -1.2974E-02   -3.0790E+00
    5.4396E-01   -1.6815E-01   -2.5487E-03    1.6814E-01   -1.2976E-02   -3.0790E+00
    5.4395E-01   -1.6817E-01   -2.5552E-03    1.6817E-01   -1.2983E-02   -3.0790E+00
    5.4516E-01   -1.6819E-01   -2.5530E-03    1.6820E-01   -1.2978E-02   -3.0790E+00
    5.4514E-01   -1.6822E-01   -2.5617E-03    1.6822E-01   -1.2978E-02   -3.0790E+00
    5.4515E-01   -1.6825E-01   -2.5704E-03    1.6824E-01   -1.2981E-02   -3.0790E+00
    5.4513E-01   -1.6826E-01   -2.5704E-03    1.6826E-01   -1.2978E-02   -3.0790E+00
    5.4515E-01   -1.6828E-01   -2.5639E-03    1.6828E-01   -1.2981E-02   -3.0790E+00
    5.4513E-01   -1.6831E-01   -2.5661E-03    1.6831E-01   -1.2981E-02   -3.0790E+00
    5.4622E-01   -1.6832E-01   -2.5683E-03    1.6833E-01   -1.2983E-02   -3.0790E+00
    5.4871E-01   -1.6872E-01   -2.6183E-03    1.6915E-01   -1.3042E-02   -3.0790E+00
    5.6099E-01   -1.7021E-01   -2.7554E-03    1.7080E-01   -1.3135E-02   -3.0790E+00
    5.7323E-01   -1.7197E-01   -2.9120E-03    1.7263E-01   -1.3237E-02   -3.0790E+00
    5.8654E-01   -1.7386E-01   -3.0687E-03    1.7456E-01   -1.3344E-02   -3.0790E+00
    6.0009E-01   -1.7587E-01   -3.2340E-03    1.7664E-01   -1.3472E-02   -3.0790E+00
    6.1225E-01   -1.7810E-01   -3.4102E-03    1.7893E-01   -1.3609E-02   -3.0790E+00
    6.2785E-01   -1.8046E-01   -3.5843E-03    1.8131E-01   -1.3746E-02   -3.0790E+00
    6.4017E-01   -1.8285E-01   -3.7670E-03    1.8377E-01   -1.3890E-02   -3.0790E+00
    6.5439E-01   -1.8538E-01   -3.9519E-03    1.8632E-01   -1.4047E-02   -3.0790E+00
    6.6704E-01   -1.8800E-01   -4.1390E-03    1.8896E-01   -1.4199E-02   -3.0790E+00
    6.8175E-01   -1.9067E-01   -4.3327E-03    1.9164E-01   -1.4369E-02   -3.0790E+00
    6.9518E-01   -1.9335E-01   -4.5198E-03    1.9438E-01   -1.4530E-02   -3.0790E+00